tree
version=v3
num_class=3
num_tree_per_iteration=3
label_index=0
max_feature_idx=15
objective=multiclass num_class:3
feature_names=qp 0 1 2 3 4 5 6 7 8 9 10 11 12 13 14
feature_infos=[23:46] [4.2076011595781893e-05:0.39790517091751099] [0.00044026094838040003:0.55965965986251831] [9.192339348373936e-05:0.40947824716567988] [0.0043256636708973997:0.83399182558059692] [4.9725396820576862e-05:0.13988515734672541] [0.00022682116832580001:0.4943619966506958] [6.7750101152341813e-05:0.1288401186466217] [0.0032691438682377:0.99347031116485596] [0.00010636789374980001:0.10651404410600659] [0.0004041808424517:0.58538603782653809] [9.5832096121739596e-05:0.1179181635379791] [0.0067052664235234:0.78083401918411255] [8.4137776866555214e-05:0.10514290630817411] [0.0002278129686601:0.64307022094726562] [9.2875867267139256e-05:0.14926475286483759]
tree_sizes=1467 2148 1474 3053 2989 3256

Tree=0
num_leaves=13
num_cat=0
split_feature=12 3 15 9 0 2 4 12 13 4 2 0
split_gain=17.0074 12.0205 2.33982 8.05974 3.26086 5.55247 0.985767 6.14238 4.75972 0.297313 0.955701 4.44089e-16
threshold=0.49035979807376867 0.021942442283034304 0.0025081670610233504 0.0045304356608539507 33.500000000000007 0.011132603045552901 0.15722183883190152 0.18971895426511762 0.0056311432272195512 0.35520648956298834 0.17573948949575421 33.500000000000007
decision_type=2 2 2 2 2 2 2 2 2 2 2 2
left_child=2 -2 3 4 5 -1 -4 8 -8 11 -11 -9
right_child=1 -3 6 -5 -6 -7 7 9 -10 10 -12 -13
leaf_value=-3.7600245918214732 -3.0744132832726616 -3.6353679902671443 -3.7600245918214736 -3.348657806692187 -3.7600245918214736 -3.4787481575450383 -3.6743231782528722 -3.7600245918214736 -3.348657806692187 -3.6229023301117116 -3.7600245918214736 -3.7600245918214736
leaf_weight=1.3856247141957347 0.72927616536617168 0.80220378190279007 7.146906420588496 0.72927616536617268 3.7557722516357899 1.4220885224640367 1.1668418645858754 2.9900322780013067 0.72927616536617268 0.72927616536617312 1.6773351803421972 3.0629598945379257
leaf_count=38 20 22 196 20 103 39 32 82 20 20 46 84
internal_value=-3.69165 -3.36825 -3.71163 -3.66404 -3.69908 -3.61756 -3.73146 -3.71174 -3.54907 -3.7482 -3.71847 -3.76002
internal_weight=0 1.53148 24.7954 7.29276 6.56349 2.80771 17.5026 10.3557 1.89612 8.4596 2.40661 6.05299
internal_count=722 42 680 200 180 77 480 284 52 232 66 166
is_linear=0
shrinkage=1


Tree=1
num_leaves=19
num_cat=0
split_feature=12 5 11 10 11 4 2 7 2 13 13 8 8 5 0 1 0 1
split_gain=27.1949 11.191 6.67434 13.3417 2.64038 5.42924 8.33477 4.57546 1.9703 6.08994 7.50706 1.93413 3.96653 4.98167 8.88178e-16 8.88178e-16 4.44089e-16 4.44089e-16
threshold=0.4764957875013352 0.030970829539000953 0.030628772452473554 0.22252088785171506 0.0096859633922576505 0.19578175991773603 0.043964719399809803 0.0063326901290565009 0.0081055616028606527 0.0018305685371160002 0.0011442432296462001 0.41614183783531189 0.53448346257209789 0.0032201429130509006 32.500000000000007 0.0036248395917936505 35.500000000000007 0.016869578510522804
decision_type=2 2 2 2 2 2 2 2 2 2 2 2 2 2 2 2 2 2
left_child=2 -2 4 -4 5 8 -7 16 -1 10 -10 15 13 -13 17 -11 -8 -6
right_child=1 -3 3 -5 14 6 7 -9 9 11 -12 12 -14 -15 -16 -17 -18 -19
leaf_value=0.0053710903409484034 -0.48053323923608532 -0.14702617666275758 -0.36715556233477736 0.0053710903409483618 0.0053710903409484173 -0.27402389916584602 0.0053710903409483757 -0.1542831893772198 -0.029553283347400941 0.0053710903409483757 -0.26438958918285299 -0.20417515178914741 0.0053710903409483896 0.0053710903409483618 0.0053710903409483896 0.0053710903409483896 0.0053710903409483618 0.0053710903409483618
leaf_weight=9.8426964879035932 2.0580183565616599 1.9685392975807188 1.8790602385997766 1.9685392975807188 3.3107251822948438 2.5054136514663679 2.4159345924854279 3.131767064332962 2.8633298873901394 7.6951990723609942 2.5948927104473114 2.8633298873901349 5.1897854208946228 1.879060238599777 5.1897854208946228 3.6686414182186127 1.7895811796188352 1.7895811796188352
leaf_count=110 23 22 21 22 37 28 27 35 32 86 29 32 58 21 58 41 20 20
internal_value=-0.0658321 -0.317485 -0.0491047 -0.176561 -0.0404603 -0.0506156 -0.116547 -0.062774 -0.0328835 -0.0469571 -0.141197 -0.0228032 -0.0550386 -0.121147 0.00537109 0.00537109 0.00537109 0.00537109
internal_weight=0 4.02656 60.5773 3.8476 56.7297 46.4396 9.8427 7.33728 36.5969 26.7542 5.45822 21.296 9.93218 4.74239 10.2901 11.3638 4.20552 5.10031
internal_count=722 45 677 43 634 519 110 82 409 299 61 238 111 53 115 127 47 57
is_linear=0
shrinkage=1


Tree=2
num_leaves=13
num_cat=0
split_feature=8 7 6 2 5 10 10 6 1 7 1 1
split_gain=24.1714 21.9492 8.18077 2.72471 11.9594 2.61977 2.28789 1.18814 1.38425 0.812165 8.88178e-16 8.88178e-16
threshold=0.82228001952171337 0.0094691161066293526 0.18146044760942456 0.022580696269869752 0.0022666060831397004 0.035717561841011006 0.019007786177098706 0.033470954746007857 0.030240694060921603 0.0026254233671351504 0.00070106252678665013 0.012605934763408152
decision_type=2 2 2 2 2 2 2 2 2 2 2 2
left_child=3 -2 -3 5 -5 10 -6 -8 9 -9 -1 -11
right_child=1 2 -4 4 6 -7 7 8 -10 11 -12 -13
leaf_value=-3.3191770155580134 -3.3191770155580134 -2.6688482816449604 -3.0108314951682034 -3.0211096791811975 -3.140336613731924 -3.1761046940971416 -3.2139767791897254 -3.2297568146449684 -3.2225065280844514 -3.3191770155580134 -3.3191770155580134 -3.3191770155580134
leaf_weight=2.2366310656070736 1.6774732992053021 1.2301470860838892 1.6215575225651262 2.0129679590463665 1.1183155328035379 1.3978944160044182 1.9011364057660127 1.1183155328035344 2.0688837356865397 6.4862300902605039 12.916544403880833 4.5850936844944954
leaf_count=40 30 22 29 36 20 25 34 20 37 116 231 82
internal_value=-3.24982 -3.03215 -2.86331 -3.27733 -3.25179 -3.30709 -3.27866 -3.28824 -3.29814 -3.31097 -3.31918 -3.31918
internal_weight=0 4.52918 2.8517 35.842 19.2909 16.5511 17.278 16.1597 14.2585 12.1896 15.1532 11.0713
internal_count=722 81 51 641 345 296 309 289 255 218 271 198
is_linear=0
shrinkage=1


Tree=3
num_leaves=27
num_cat=0
split_feature=8 12 12 9 8 12 12 12 13 4 1 15 4 9 5 11 2 15 10 11 4 8 8 2 2 9
split_gain=8.42254 3.4999 1.90237 4.49049 2.35077 10.4219 1.63468 2.90642 0.955868 0.307081 0.986184 1.20157e-05 9.55265e-06 7.6451e-06 7.38738e-06 5.78754e-06 5.02438e-06 6.74199e-06 3.90009e-06 2.0145e-06 2.95857e-06 9.55185e-07 1.84822e-06 5.54075e-07 3.95321e-07 1.27783e-10
threshold=0.94800621271133434 0.49035979807376867 0.18704184144735334 0.0075765664223581006 0.22960538417100909 0.062873378396034213 0.089899349957704516 0.078769411891698823 0.0065563786774873014 0.35520648956298834 0.013104038760657502 0.0018222947255708002 0.16926653683185575 0.0037887984653934502 0.0027895112289115006 0.028495139442384205 0.011132603045552901 0.0022059279726817506 0.21733487397432324 0.0096859633922576505 0.20105591416358948 0.41614183783531189 0.51755276322364818 0.062419816851615906 0.0081055616028606527 0.012624835129827252
decision_type=2 2 2 2 2 2 2 2 2 2 2 2 2 2 2 2 2 2 2 2 2 2 2 2 2 2
left_child=1 2 3 4 13 -6 7 -7 11 14 -11 -8 21 16 -4 19 24 -18 -12 20 -16 -13 -23 -22 -1 -21
right_child=-2 -3 9 -5 5 6 8 -9 -10 10 18 12 -14 -15 15 -17 17 -19 -20 25 23 22 -24 -25 -26 -27
leaf_value=-0.068156930979696537 0.32711762205088379 0.10815421868847559 -0.06853405630378813 0.1882430377012505 0.31061608971650129 -0.068506726878110547 -0.068744077401865625 0.21304461203085326 0.044880409109954819 0.071683190574841238 -0.068490381192643376 -0.068154325929246543 -0.06856277640949926 -0.068600928479647091 -0.06815507358655036 -0.068536830084716671 -0.068597125419720545 -0.068182713395301978 -0.068185308800863292 -0.068155245382403182 -0.068418108426602425 -0.068382992610131157 -0.068163865640155974 -0.068305869114775528 -0.068239121336138311 -0.068156930979696842
leaf_weight=2.1494030728936298 0.75632681325077911 2.2406832426786414 1.2683398798108081 1.1665023677051056 1.0550297386944274 0.7573779225349424 0.89378360286355008 0.71068021655082703 0.88295918703079213 0.71411676332354579 0.95053407922387101 1.0568805932998664 1.263288579881191 0.74994927272200573 1.0894380286335947 0.69858985394239415 0.82738635316491105 0.74701780080795288 0.74946165084838867 0.64091642200946841 0.92396230623126008 0.80138617753982522 0.74065433815121651 0.83938904851675034 0.80414531379938115 1.5077902153134344
leaf_count=67 15 34 33 26 28 20 21 20 25 20 25 33 32 19 34 18 21 23 23 20 25 22 23 24 24 47
internal_value=0 -0.0113676 -0.0225315 3.83924e-05 -0.0162966 0.0173343 -0.0262032 0.067791 -0.0506738 -0.0576676 -0.026931 -0.0684137 -0.0683372 -0.0683052 -0.0683158 -0.0682672 -0.0682562 -0.0684005 -0.0683559 -0.0682296 -0.0682846 -0.0682276 -0.0682777 -0.0683647 -0.0681793 -0.0681564
internal_weight=0 26.2297 23.989 14.6064 13.4399 8.16204 7.10701 1.46806 5.63895 9.38254 2.41411 4.75599 3.86221 5.2779 6.96843 5.70009 4.52795 1.5744 1.7 5.0015 2.85279 2.59892 1.54204 1.76335 2.95355 2.14871
internal_count=722 707 673 404 378 224 196 40 156 269 68 131 110 154 201 168 135 44 48 150 83 78 45 49 91 67
is_linear=0
shrinkage=0.1


Tree=4
num_leaves=27
num_cat=0
split_feature=2 12 8 10 7 8 3 1 2 14 7 5 13 6 11 12 4 2 3 11 2 11 14 15 8 4
split_gain=15.191 6.43401 3.1146 6.20043 3.23358 2.90006 6.4733 11.3466 2.21769 5.54583 2.04744 1.82557 1.49248 6.29008 0.422753 0.000101212 7.65419e-05 5.77698e-05 2.97976e-05 3.09536e-05 1.77104e-05 1.31001e-05 4.02436e-06 9.73328e-07 1.12851e-07 5.6858e-09
threshold=0.28298258781433111 0.59359025955200206 0.38175512850284576 0.019726442173123301 0.0022439119638874507 0.71882373094558727 0.010458081029355502 0.0077004577033221505 0.025771819055080355 0.034289885312318753 0.0071244433056562506 0.030636439099907802 0.0018305685371160002 0.010625033173710051 0.0019913326250388503 0.2007890120148659 0.19389203190803528 0.0078569371253251526 0.021059135906398251 0.0096859633922576505 0.022580696269869752 0.0013734484673477002 0.029793151654303053 0.0025081670610233504 0.60584664344787609 0.086406048387289019
decision_type=2 2 2 2 2 2 2 2 2 2 2 2 2 2 2 2 2 2 2 2 2 2 2 2 2 2
left_child=1 2 12 4 -4 8 7 10 9 -5 -7 14 13 17 -10 16 -16 21 19 -17 22 -1 23 -14 -21 -25
right_child=-2 -3 3 5 -6 6 -8 -9 11 -11 -12 -13 20 -15 15 18 -18 -19 -20 24 -22 -23 -24 25 -26 -27
leaf_value=0.070609812276320308 -0.21209734633030775 -0.15785935375090998 -0.022287820608623794 0.071167802485204143 -0.19390611282516879 0.04063124862338257 0.072856178390717577 -0.29252305257257233 0.021755233797514744 -0.12989045849087938 -0.092351043209876651 -0.042915907418722726 0.070691039504532968 -0.1080880143058725 0.071109037374890161 0.071060709964690702 0.071899246444842774 0.071389994633656792 0.071255859632282217 0.070609812276320336 0.07093547663642942 0.070954585833945302 0.070800334543861046 0.07060981227632035 0.07064350030559699 0.070616922972480359
leaf_weight=3.1635373830795306 3.1622007116675368 2.1401120498776427 2.1370681226253501 3.0651759877800968 2.2577768489718437 3.264695502817629 4.1448366641998291 1.9114044383168218 1.991895973682406 2.4834250882267952 1.7939852625131605 1.7520401328802098 2.1706097871065122 2.7804568782448769 2.7785905152559272 2.6654763966798765 2.1934278085827827 1.8240953832864759 1.7694268524646757 2.4517414718866348 3.2946301847696295 1.6912254095077512 1.8077794238924978 3.8753332942724228 1.67286179959774 1.584220193326473
leaf_count=40 30 14 24 35 23 37 38 17 20 27 14 20 27 29 32 31 22 20 20 31 39 20 22 49 21 20
internal_value=0 0.0125436 0.0185689 0.00130902 -0.110454 0.0157815 -0.0261073 -0.084957 0.0361806 -0.0188212 -0.00652893 0.0538463 0.0483832 0.0182957 0.0647673 0.0710988 0.0714576 0.0709102 0.0708904 0.0707951 0.0707359 0.0707299 0.0706662 0.0706344 0.0706235 0.0706119
internal_weight=0 62.6658 60.5257 38.3338 4.39484 33.939 11.1149 6.97009 22.8241 5.5486 5.05868 17.2755 22.1919 9.45932 15.5234 13.5315 4.97202 6.67886 8.55951 6.79008 12.7326 4.85476 9.43794 7.63016 4.1246 5.45955
internal_count=722 692 678 412 47 365 106 68 259 62 51 197 266 109 177 157 54 80 103 83 157 60 118 96 52 69
is_linear=0
shrinkage=0.1


Tree=5
num_leaves=29
num_cat=0
split_feature=2 14 8 3 4 9 3 9 14 14 12 15 8 8 11 5 2 5 2 11 2 1 13 2 15 1 15 0
split_gain=15.8869 4.32792 3.03459 5.1532 8.22575 7.59416 7.77679 1.9218 6.34356 1.88801 1.16724 0.736934 0.000399032 3.63961e-05 1.25955e-05 1.0895e-05 1.04254e-05 1.03608e-05 8.58595e-06 7.50655e-06 7.28698e-06 6.47396e-06 3.21752e-06 9.50694e-06 8.22709e-07 8.47638e-08 1.03206e-09 3.47455e-12
threshold=0.28298258781433111 0.29661118984222418 0.47350324690341949 0.0067160695325583003 0.19389203190803528 0.0031544670928269005 0.0048662282060831516 0.00088002480333665011 0.012504096608608952 0.021079550497233802 0.40677785873413086 0.0077341985888778513 0.82446044683456432 0.40787257254123693 0.027077918872237153 0.0032201429130509006 0.022580696269869752 0.0026565444422885008 0.0078569371253251526 0.010015624575316852 0.019200634211301752 0.0073753963224589504 0.0018305685371160002 0.0076731164008378505 0.0061295332852750505 0.016869578510522804 0.0025081670610233504 33.500000000000007
decision_type=2 2 2 2 2 2 2 2 2 2 2 2 2 2 2 2 2 2 2 2 2 2 2 2 2 2 2 2
left_child=1 2 7 4 9 -6 -7 8 18 -4 12 15 14 20 19 16 -11 -15 -1 -5 22 -22 23 -9 26 -21 -24 -28
right_child=-2 -3 3 10 5 6 -8 13 -10 11 -12 -13 -14 17 -16 -17 -18 -19 -20 25 21 -23 24 -25 -26 -27 27 -29
leaf_value=-0.069011615084212302 0.26882913849647311 0.16656607997024292 0.087049072555523507 -0.069279415713540612 0.34481146494866516 -0.06967119660734232 0.25997984443966327 -0.069004777851569929 0.22377956319820946 -0.069277063392558666 0.010360494701573316 0.024312592499642707 -0.071158079965187401 -0.06975094017511832 -0.069506935374438528 -0.06914665365519175 -0.069674568509450627 -0.069365222687408329 -0.069378899504745545 -0.069009930638792794 -0.069359109999753463 -0.069077327955176696 -0.069008113296182977 -0.06938895685393752 -0.069111050231843815 -0.069046378537128916 -0.069011615084212427 -0.069011378346315724
leaf_weight=1.6248097456991706 2.0638604499399653 1.2587504796683777 1.2768278084695355 1.9444234482943992 1.4460198357701299 1.7489052526652815 1.2112780585885046 1.5221527181565746 1.0221194364130495 1.1273274794220931 2.4659020975232124 1.0687597095966337 1.2677174396812914 1.2400211691856378 1.0835274569690225 1.187735680490732 1.5908827260136602 1.5884652733802793 1.0463651344180105 1.7713216133415701 2.1598554104566579 1.3098010830581186 1.3275264389812949 1.1166727580130098 1.019653435796499 0.99732058495283116 1.6740464046597483 0.98464041203260411
leaf_count=33 30 14 22 36 22 29 19 31 17 21 34 20 16 20 19 23 26 29 19 36 39 26 27 20 20 20 34 20
internal_value=0 -0.0158491 -0.0219197 0.00455436 0.0523305 0.156975 0.0652188 -0.0522244 0.0119143 -0.021425 -0.0488742 -0.0492664 -0.069551 -0.0692141 -0.0691995 -0.0693993 -0.0695097 -0.0695343 -0.0691555 -0.0691288 -0.0691325 -0.0692527 -0.069078 -0.0691674 -0.0690309 -0.0690231 -0.0690104 -0.0690115
internal_weight=0 39.0828 37.8241 20.1879 10.6577 4.4062 2.96018 17.6361 3.69329 6.25153 9.53021 4.97471 7.06431 13.9428 5.79659 3.90595 2.71821 2.82849 2.67117 4.71307 11.1143 3.46966 7.64469 2.63883 5.00587 2.76864 3.98621 2.65869
internal_count=722 692 678 343 182 70 48 335 69 112 161 90 127 266 111 70 47 49 52 92 217 65 152 51 101 56 81 54
is_linear=0
shrinkage=0.1


end of trees

feature_importances:
1=17
7=13
11=11
0=9
3=9
10=9
4=7
14=7
8=6
12=6
qp=5
2=5
6=5
9=5
13=5
5=3

parameters:
[boosting: gbdt]
[objective: multiclass]
[metric: multi_logloss]
[tree_learner: serial]
[device_type: cpu]
[data: ]
[valid: ]
[num_iterations: 100000]
[learning_rate: 0.1]
[num_leaves: 31]
[num_threads: 32]
[deterministic: 0]
[force_col_wise: 0]
[force_row_wise: 0]
[histogram_pool_size: -1]
[max_depth: -1]
[min_data_in_leaf: 20]
[min_sum_hessian_in_leaf: 0.001]
[bagging_fraction: 1]
[pos_bagging_fraction: 1]
[neg_bagging_fraction: 1]
[bagging_freq: 0]
[bagging_seed: 3]
[feature_fraction: 1]
[feature_fraction_bynode: 1]
[feature_fraction_seed: 2]
[extra_trees: 0]
[extra_seed: 6]
[early_stopping_round: 1500]
[first_metric_only: 0]
[max_delta_step: 0]
[lambda_l1: 0]
[lambda_l2: 0]
[linear_lambda: 0]
[min_gain_to_split: 0]
[drop_rate: 0.1]
[max_drop: 50]
[skip_drop: 0.5]
[xgboost_dart_mode: 0]
[uniform_drop: 0]
[drop_seed: 4]
[top_rate: 0.2]
[other_rate: 0.1]
[min_data_per_group: 100]
[max_cat_threshold: 32]
[cat_l2: 10]
[cat_smooth: 10]
[max_cat_to_onehot: 4]
[top_k: 20]
[monotone_constraints: ]
[monotone_constraints_method: basic]
[monotone_penalty: 0]
[feature_contri: ]
[forcedsplits_filename: ]
[refit_decay_rate: 0.9]
[cegb_tradeoff: 1]
[cegb_penalty_split: 0]
[cegb_penalty_feature_lazy: ]
[cegb_penalty_feature_coupled: ]
[path_smooth: 0]
[interaction_constraints: ]
[verbosity: 0]
[saved_feature_importance_type: 0]
[linear_tree: 0]
[max_bin: 255]
[max_bin_by_feature: ]
[min_data_in_bin: 3]
[bin_construct_sample_cnt: 200000]
[data_random_seed: 1]
[is_enable_sparse: 1]
[enable_bundle: 1]
[use_missing: 1]
[zero_as_missing: 0]
[feature_pre_filter: 1]
[pre_partition: 0]
[two_round: 0]
[header: 0]
[label_column: ]
[weight_column: ]
[group_column: ]
[ignore_column: ]
[categorical_feature: ]
[forcedbins_filename: ]
[precise_float_parser: 0]
[objective_seed: 5]
[num_class: 3]
[is_unbalance: 0]
[scale_pos_weight: 1]
[sigmoid: 1]
[boost_from_average: 1]
[reg_sqrt: 0]
[alpha: 0.9]
[fair_c: 1]
[poisson_max_delta_step: 0.7]
[tweedie_variance_power: 1.5]
[lambdarank_truncation_level: 30]
[lambdarank_norm: 1]
[label_gain: ]
[eval_at: ]
[multi_error_top_k: 1]
[auc_mu_weights: ]
[num_machines: 1]
[local_listen_port: 12400]
[time_out: 120]
[machine_list_filename: ]
[machines: ]
[gpu_platform_id: -1]
[gpu_device_id: -1]
[gpu_use_dp: 0]
[num_gpu: 1]

end of parameters

pandas_categorical:[]
