tree
version=v3
num_class=1
num_tree_per_iteration=1
label_index=0
max_feature_idx=1
objective=binary sigmoid:1
feature_names=qp 0
feature_infos=[23:46] [0.00024949977523640001:0.95463836193084717]
tree_sizes=3234 3386 3397 3403 3400 3396 3384 3379 3418 3393 3393 3417 3401 3413 3404 3411 3402

Tree=0
num_leaves=31
num_cat=0
split_feature=1 0 1 1 1 1 1 1 0 1 1 0 0 1 1 1 0 1 1 1 0 0 1 1 1 1 1 1 1 1
split_gain=154.818 49.8711 29.095 34.7825 17.9376 16.2053 11.2551 11.4162 9.99011 6.40847 9.97542 5.10381 4.771 7.33582 19.125 6.94085 7.04054 4.41538 5.02218 4.3353 4.08912 8.02104 4.00359 4.27006 4.36566 3.97822 3.61104 9.97299 3.25283 12.9727
threshold=0.075042322278022724 26.500000000000004 0.43889071047306066 0.16747883707284927 0.015663319267332502 0.077064242213964421 0.10712144896388051 0.10848632082343102 34.500000000000007 0.12966839224100113 0.32475753128528595 34.500000000000007 32.500000000000007 0.16747883707284927 0.20370752364397046 0.13565045595169065 27.500000000000004 0.10445000231266016 0.10336397960782047 0.31542195379734045 28.500000000000004 27.500000000000004 0.11382794752717017 0.16265542060136792 0.16004090011119845 0.041274802759289707 0.065245654433965614 0.067260954529047012 0.21180272102355957 0.21520917862653732
decision_type=2 2 2 2 2 2 2 2 2 2 2 2 2 2 2 2 2 2 2 2 2 2 2 2 2 2 2 2 2 2
left_child=4 2 3 5 -1 -2 -7 -8 9 17 12 26 15 -14 -15 16 -11 18 -3 20 21 -17 -9 24 -24 -13 -6 -28 -5 -30
right_child=1 8 -4 28 11 6 7 22 -10 10 -12 25 13 14 -16 19 -18 -19 -20 -21 -22 -23 23 -25 -26 -27 27 -29 29 -31
leaf_value=2.8255615012290134 2.420102502294355 2.7325459525839597 2.777916204546504 2.6123922371850035 2.7747352686803959 2.7295346798533515 2.4093738904764219 2.749275819435486 2.8084865347458661 2.7357313402929049 2.7502027043216231 2.8492469750116816 2.7164551004349993 2.1789641795293822 2.6732977411975778 2.7178563133972533 2.4840693199258057 2.7788672814860398 2.5293392771678564 2.5141055772705312 2.7336335154213054 2.6011134401456375 2.651812191193875 2.7612723581046295 2.48521407746526 2.7746922149209596 2.6391583376217067 2.7675684138600665 2.2836958663234905 2.5752496948736878
leaf_weight=88.661936670541763 2.3302175663411608 44.558306634426117 16.823034137487411 20.687785223126411 236.20449282228947 35.919451266527176 1.8187063932418812 5.0014425814151755 14.720154870301483 1.7618718184530724 34.328083172440529 15.345335192978384 3.0122324638068667 1.1935260705649855 2.2733829915523529 17.505049034953117 3.0122324638068676 25.57555865496397 1.250360645353793 1.1935260705649842 27.678437922149897 8.8661936670541781 34.441752322018147 3.4100744873285285 1.6482026688754547 13.41295965015888 7.6158330217003813 29.383475165814161 1.5913680940866459 37.226646486669779
leaf_count=1560 41 784 296 364 4156 632 32 88 259 31 604 270 53 21 40 308 53 450 22 21 487 156 606 60 29 236 134 517 28 655
internal_value=2.74281 2.69429 2.65347 2.63894 2.78601 2.68016 2.68752 2.65495 2.72942 2.72266 2.70642 2.7744 2.68382 2.6023 2.50312 2.69263 2.57694 2.74558 2.727 2.70262 2.70679 2.67861 2.66498 2.65431 2.6442 2.81447 2.77019 2.74114 2.58037 2.5633
internal_weight=0 347.828 160.899 144.076 390.624 84.5698 82.2396 46.3202 186.929 172.209 100.825 301.962 66.4965 6.47914 3.46691 60.0173 4.7741 71.3842 45.8087 55.2432 54.0497 26.3712 44.5015 39.5 36.09 28.7583 273.204 36.9993 59.5058 38.818
internal_count=12993 6120 2831 2535 6873 1488 1447 815 3289 3030 1774 5313 1170 114 61 1056 84 1256 806 972 951 464 783 695 635 506 4807 651 1047 683
is_linear=0
shrinkage=1


Tree=1
num_leaves=31
num_cat=0
split_feature=1 0 1 1 1 0 1 1 0 1 1 0 1 1 0 0 1 1 1 1 1 1 1 1 1 1 1 1 0 0
split_gain=124.672 36.3104 18.3797 25.6994 13.4513 7.52737 6.3062 7.84379 5.12795 4.45452 5.91889 8.39011 9.34965 5.70118 5.03447 4.1423 4.12055 4.09508 3.77128 4.7125 3.46666 2.77323 2.75573 2.63992 2.59399 6.66684 2.46039 7.73849 5.96189 3.33139
threshold=0.065245654433965614 26.500000000000004 0.43889071047306066 0.1342259347438812 0.015663319267332502 34.500000000000007 0.12966839224100113 0.60861361026763927 30.500000000000004 0.21180272102355957 0.26335999369621282 24.500000000000004 0.24123512953519824 0.13755215704441073 24.500000000000004 24.500000000000004 0.066537752747535719 0.068759903311729417 0.13565045595169065 0.1342259347438812 0.14535333961248392 0.22433379292488098 0.13939739763736722 0.28423990309238439 0.10712144896388051 0.10848632082343102 0.30125127732753754 0.29177559912204748 32.500000000000007 28.500000000000004
decision_type=2 2 2 2 2 2 2 2 2 2 2 2 2 2 2 2 2 2 2 2 2 2 2 2 2 2 2 2 2 2
left_child=4 2 3 24 -1 6 16 18 -6 13 11 21 -13 -5 23 20 -3 -7 19 -8 -15 -11 -20 -12 -2 -26 27 28 29 -24
right_child=1 5 -4 9 8 17 7 -9 -10 10 14 12 -14 15 -16 -17 -18 -19 22 -21 -22 -23 26 -25 25 -27 -28 -29 -30 -31
leaf_value=0.080445262284446289 -0.025085607474638612 -0.10514059646083429 0.032645299212607636 -0.21795238486709684 0.026412862031292225 -0.11091585479411781 -0.063733783775881833 0.054608693021137834 0.060870065824820109 -0.19584496130021747 -0.061394642087316591 -0.17654450709891134 -0.42681761749655189 -0.017949486921848567 -0.045588126694165357 -0.039143816000847015 0.0086963823955726396 0.068535625532378699 0.067558642042812658 -0.26141607400165762 -0.11801444774807419 -0.099805579843401063 -0.059029304726319537 -0.15857431461021021 -0.22143443164553989 -0.047112144273869165 -0.01359547253510072 -0.29681569683394654 -0.14218738636720094 -0.0077583440214706138
leaf_weight=82.410219758749008 55.417810440063477 3.2974890023469916 16.310665607452393 3.3845664188265792 197.93612520396709 1.381516177207234 4.6691584698855868 9.6557156480848771 55.244506027549505 4.6006515771150616 3.5501251816749599 3.8634739369153968 2.4324931800365448 3.9999421313405064 9.1382851898670214 14.347806375473736 89.028527770191431 15.990957904607056 2.5600266829133025 1.6258171945810316 25.750826667994261 8.6780837774276716 25.310936529189348 13.148611783981321 2.4211492538452175 23.372810952365398 28.309880949556828 1.2390017993748177 5.5887300856411448 25.381461463868618
leaf_count=1560 954 53 296 55 3582 25 72 171 1017 65 54 56 37 65 139 229 1573 297 44 25 411 132 420 200 32 387 495 21 83 443
internal_value=0 -0.037093 -0.0688598 -0.078369 0.0453538 -0.00883207 -0.0144057 -0.0312501 0.0339315 -0.114292 -0.136683 -0.178161 -0.273239 -0.0928765 -0.105259 -0.0832769 0.00463061 0.0542651 -0.0400057 -0.11479 -0.104561 -0.13308 -0.0346797 -0.137914 -0.0372786 -0.0634749 -0.0377292 -0.0496071 -0.0441649 -0.0333582
internal_weight=0 404.457 190.417 174.107 335.591 214.039 196.667 104.341 253.181 92.8949 45.4117 19.5747 6.29597 47.4831 25.837 44.0986 92.326 17.3725 94.685 6.29498 29.7508 13.2787 88.39 16.6987 81.2118 25.794 85.83 57.5201 56.2811 50.6924
internal_count=12993 6834 3112 2816 6159 3722 3400 1774 4599 1443 683 290 93 760 393 705 1626 322 1603 97 476 197 1506 254 1373 419 1462 967 946 863
is_linear=0
shrinkage=0.1


Tree=2
num_leaves=31
num_cat=0
split_feature=1 0 1 1 1 0 1 1 0 1 1 1 1 1 0 1 1 1 1 1 1 1 0 0 1 0 1 1 1 1
split_gain=101.364 26.2569 13.3931 15.82 12.6734 6.2909 4.86665 6.25805 4.74173 3.35819 3.05687 2.9971 3.19097 10.4433 3.82362 3.4493 3.40357 6.24061 2.58871 3.5043 3.15433 3.05599 2.70455 2.58461 2.52819 2.69225 2.48558 2.38309 2.36596 2.79135
threshold=0.065245654433965614 26.500000000000004 0.49272893369197845 0.1342259347438812 0.015663319267332502 34.500000000000007 0.12966839224100113 0.60861361026763927 28.500000000000004 0.068759903311729417 0.066537752747535719 0.028254488483071254 0.054943813011050203 0.054313480854034403 27.500000000000004 0.057422159239649752 0.049554526805877658 0.041806764900684308 0.38523904979228979 0.21180272102355957 0.13755215704441073 0.21520917862653732 24.500000000000004 24.500000000000004 0.13565045595169065 27.500000000000004 0.026843668892979556 0.029749253764748552 0.37327766418457037 0.34686355292797094
decision_type=2 2 2 2 2 2 2 2 2 2 2 2 2 2 2 2 2 2 2 2 2 2 2 2 2 2 2 2 2 2
left_child=4 2 3 -2 -1 6 10 24 11 -7 -3 26 13 14 27 -14 17 -16 19 20 -5 -21 -22 -20 25 -8 -6 -13 29 -23
right_child=1 5 -4 18 8 9 7 -9 -10 -11 -12 12 15 -15 16 -17 -18 -19 23 21 22 28 -24 -25 -26 -27 -28 -29 -30 -31
leaf_value=0.078090836738689037 -0.032369793977513946 -0.085997521745106595 0.038771212750651429 -0.16104037269890092 0.033750019539391989 -0.09007230724511138 0.0061425704348042325 0.051711241682611181 0.049910484864188032 0.065776163025189086 0.0078902097951601326 -0.051579405750561996 0.10607402922377991 -0.24125619470406715 -0.011168240456505983 0.021647022156421239 0.10607402922377987 -0.20923284072490389 -0.073501021516384199 -0.21703321536507889 -0.085503081167662198 -0.11111061018154873 -0.033994709059024235 0.060421485089508391 -0.030105114381066708 -0.13183128095961608 0.10607402922377995 0.019498029276145766 -0.23311937886072678 -0.014663734177822938
leaf_weight=76.702443212270737 83.895939782261848 3.6095222085714331 13.383714482188223 4.0769409388303748 42.862666986882687 1.5225276350975061 1.9750741720199574 9.2012272328138334 89.316623985767365 15.045334152877329 88.349893730133772 5.0744215324521056 6.3700185194611576 1.7274626493453968 4.2646734155714503 20.135736506432295 1.0796641558408735 2.5372107662260532 4.4101368859410277 2.7326989173889151 32.556401636451483 39.552297465503216 14.840689923614262 2.140529952943325 91.148698840290308 4.9804333113133907 5.344337571412324 66.993160869926214 1.4629553705453862 3.2471697404980651
leaf_count=1560 1373 53 250 55 794 25 31 171 1702 297 1573 94 118 32 79 373 20 47 67 28 476 534 229 35 1506 66 99 1241 20 45
internal_value=0 -0.0320144 -0.0578981 -0.0647467 0.0426057 -0.00775371 -0.0126765 -0.0271438 0.0315283 0.0514542 0.004205 0.0210299 0.0117888 0.00200505 0.0072612 0.041937 -0.0588682 -0.0850495 -0.0906112 -0.0946607 -0.0766353 -0.114404 -0.0693751 -0.0297398 -0.0345397 -0.0926525 0.041768 0.0144933 -0.108068 -0.103793
internal_weight=0 418.132 202.299 188.916 322.408 215.833 199.265 107.305 245.706 16.5679 91.9594 156.389 108.182 81.6766 79.9491 26.5058 7.88155 6.80188 105.02 98.4692 51.474 46.9951 47.3971 6.55067 98.1042 6.95551 48.207 72.0676 44.2624 42.7995
internal_count=12993 6834 3112 2862 6159 3722 3400 1774 4599 322 1626 2897 2004 1513 1481 491 146 126 1489 1387 760 627 705 102 1603 97 893 1335 599 579
is_linear=0
shrinkage=0.1


Tree=3
num_leaves=31
num_cat=0
split_feature=1 0 1 1 1 0 0 1 1 1 1 1 1 1 1 1 0 1 0 1 1 1 1 1 1 1 1 1 1 1
split_gain=83.0001 19.3981 11.8472 10.0756 11.4294 5.26913 4.36744 3.80508 5.03957 3.32302 2.86843 2.79436 2.6361 2.49543 2.67266 2.48533 5.86356 5.45563 4.50291 3.77266 4.69754 3.8787 3.30153 6.78424 3.39108 2.40239 2.96302 2.33202 2.32559 2.23998
threshold=0.065245654433965614 26.500000000000004 0.015663319267332502 0.49272893369197845 0.11655261367559432 34.500000000000007 34.500000000000007 0.12966839224100113 0.60861361026763927 0.041274802759289707 0.10964549705386158 0.068759903311729417 0.057422159239649752 0.11504667252302166 0.11382794752717017 0.086331203579902607 27.500000000000004 0.083715155720710713 28.500000000000004 0.067260954529047012 0.077064242213964421 0.077604722231626469 0.098952762782573658 0.10336397960782047 0.092513274401426315 0.16747883707284927 0.16265542060136792 0.053749850019812556 0.38523904979228979 0.071719862520694719
decision_type=2 2 2 2 2 2 2 2 2 2 2 2 2 2 2 2 2 2 2 2 2 2 2 2 2 2 2 2 2 2
left_child=2 3 -1 4 13 7 -4 10 -9 -8 15 -7 27 14 -2 16 -3 19 22 -18 29 -22 24 -24 -17 26 -6 -11 -27 -21
right_child=1 5 6 -5 25 11 9 8 -10 12 -12 -13 -14 -15 -16 18 17 -19 -20 20 21 -23 23 -25 -26 28 -28 -29 -30 -31
leaf_value=0.07568645512848389 -0.021951643899769741 0.063535419033946175 0.025061986578299073 0.036185414856131706 -0.061596062606781868 -0.074661506933485777 0.10518174763326299 -0.030099677390845334 0.048850973196283919 0.019699564211536028 0.038231978372279513 0.062994592410957825 0.10558283913079861 0.10763573642076218 -0.15623667170030509 -0.047454290220790958 -0.13064047194172299 0.10639833069257897 0.0056660469886773484 -0.021877430927282223 -0.24746269740817209 -0.048064816494256736 0.10639833069257892 -0.12300436882009341 -0.17981279497714597 -0.087150156569529721 0.029931644469158615 -0.13403149789394395 -0.025868873498745899 0.061393814561308796
leaf_weight=71.496532112360001 66.573797069489956 13.942059911787508 217.75207334011793 12.930499389767645 41.209577031433582 1.6457585617899884 12.646180652081968 101.07453383132815 8.7879874370992166 4.6574841253459436 19.152365237474442 14.18405708670616 2.7544260956346989 1.449976161122321 1.5158841684460629 3.8998360522091406 3.349085792899138 3.2216036953032008 17.86596342548728 6.2472887635231036 1.1303872615098933 7.1214397475123405 2.5433713383972645 2.6142092496156693 3.8433166891336441 78.246851556003094 3.8690257743000975 1.2520118616521356 6.7248995564877978 6.6893260851502419
leaf_count=1560 1074 243 4156 250 590 25 270 1603 171 93 353 297 55 22 23 69 48 57 316 114 20 126 45 46 68 991 60 25 102 121
internal_value=0 -0.0278781 0.0399716 -0.04936 -0.0549021 -0.00687002 0.0292903 -0.0112346 -0.0237844 0.0724965 0.00381382 0.0486831 0.024788 -0.0221769 -0.0249412 -0.00528247 0.0106244 -0.0159502 -0.0268427 -0.0320137 -0.0164246 -0.0753796 -0.0718634 -0.00987841 -0.11315 -0.0724007 -0.0537404 -0.0128706 -0.0823002 0.0211809
internal_weight=0 429.833 310.559 212.521 199.59 217.313 239.062 201.483 109.863 21.3101 91.6203 15.8298 8.66392 69.5397 68.0897 72.4679 41.7012 27.7591 30.7667 24.5375 21.1884 8.25183 12.9007 5.15758 7.74315 130.05 45.0786 5.9095 84.9718 12.9366
internal_count=12993 6834 6159 3112 2862 3722 4599 3400 1774 443 1626 322 173 1119 1097 1273 729 486 544 429 381 146 228 91 137 1743 650 118 1093 235
is_linear=0
shrinkage=0.1


Tree=4
num_leaves=31
num_cat=0
split_feature=1 0 1 1 1 0 0 1 1 1 1 0 0 1 1 1 0 1 1 1 1 1 1 1 1 1 0 1 1 0
split_gain=67.9569 14.6253 11.0327 7.6959 8.12008 4.39671 4.1503 3.05034 4.18354 2.66327 3.13318 2.58596 3.09484 2.81957 2.70883 2.58182 2.43459 2.54915 3.18773 2.42156 3.30443 2.39723 5.00825 2.35395 2.34714 2.33255 2.17477 7.107 6.89505 2.1252
threshold=0.065245654433965614 26.500000000000004 0.015663319267332502 0.49272893369197845 0.10712144896388051 34.500000000000007 30.500000000000004 0.12966839224100113 0.4199152290821076 0.10848632082343102 0.16747883707284927 27.500000000000004 28.500000000000004 0.22433379292488098 0.13565045595169065 0.20370752364397046 27.500000000000004 0.57015633583068859 0.49272893369197845 0.10445000231266016 0.10336397960782047 0.041274802759289707 0.057422159239649752 0.056292075663805001 0.068759903311729417 0.38523904979228979 32.500000000000007 0.25795136392116552 0.16747883707284927 27.500000000000004
decision_type=2 2 2 2 2 2 2 2 2 2 2 2 2 2 2 2 2 2 2 2 2 2 2 2 2 2 2 2 2 2
left_child=2 3 -1 4 -2 7 -4 19 11 -6 -11 -9 13 15 -14 -13 17 18 -10 20 29 -8 23 -23 -7 26 -16 28 -28 -3
right_child=1 5 6 -5 9 24 21 8 16 10 -12 12 14 -15 25 -17 -18 -19 -20 -21 -22 22 -24 -25 -26 -27 27 -29 -30 -31
leaf_value=0.073230368542900298 -0.015736790091108347 0.023090959316711405 0.020308614546498491 0.033695365253846497 -0.15225355890022174 -0.0628196227043437 0.072518702330414214 -0.0043080293813060576 -0.024183665574619255 -0.038839663131251513 -0.068965987366369788 -0.094891924330533589 -0.098412759959472906 -0.022571634335047368 -0.0058189974492960546 -0.24282423867231678 0.036249686169266118 0.03445394860686625 -0.22514952295776378 0.030968294066621466 -0.15056355098392418 0.008228979200800568 0.10526519560329994 -0.13568862142520352 0.060197062187451314 -0.12369574471361602 -0.0036402025478575375 0.071501300512089458 -0.21900495963457467 -0.015165628471073762
leaf_weight=66.752678006887436 59.385262787342072 21.593938566744328 184.84109542146325 12.519610114395617 3.0292201042175284 1.754016801714896 27.606603465974331 25.966167610138655 2.2889460399746926 55.661864180117846 90.896115113049746 6.8845768198370916 5.2595768049359313 4.5877175666391841 33.676694884896278 1.4237597584724424 17.10732563585043 2.8101803883910179 1.2047084420919416 23.989298030734062 1.545441798865794 13.362252827733757 5.8836387097835532 1.2421493120491494 13.400262631475924 2.1684751957654944 2.6904910467565042 2.7472765147686005 3.3221957758069038 44.330287538468838
leaf_count=1560 954 384 3582 250 32 25 599 407 38 783 1093 96 61 66 551 20 306 56 20 450 22 270 124 24 297 36 40 41 36 770
internal_value=0 -0.0243463 0.0373886 -0.0424598 -0.0470223 -0.00600587 0.0271174 -0.00987372 -0.0209279 -0.0594425 -0.0575242 -0.0308494 -0.0418304 -0.0854964 -0.0305375 -0.120242 0.0166742 -0.0364497 -0.0934822 0.00367978 -0.00602284 0.0532856 0.0273698 -0.00401166 0.0459586 -0.022534 -0.0173648 -0.0617511 -0.122636 -0.00263442
internal_weight=0 440.243 299.688 221.492 208.972 218.751 232.936 203.597 112.138 149.587 146.558 88.7269 62.7608 12.8961 49.8647 8.30834 23.4112 6.30383 3.49365 91.459 67.4697 48.0946 20.488 14.6044 15.1543 44.6051 42.4367 8.75996 6.01269 65.9242
internal_count=12993 6834 6159 3112 2862 3722 4599 3400 1774 1908 1876 1354 947 182 765 116 420 114 58 1626 1176 1017 418 294 322 704 668 117 76 1154
is_linear=0
shrinkage=0.1


Tree=5
num_leaves=31
num_cat=0
split_feature=1 1 0 1 1 1 0 0 1 1 1 1 1 1 1 1 1 0 0 0 1 1 1 1 1 1 1 1 1 1
split_gain=55.7623 12.0631 10.0259 7.77255 6.11848 7.83951 3.92373 3.71892 3.89754 2.5903 2.32118 2.80827 1.99972 1.91818 1.84381 4.1452 2.49912 1.97746 3.2569 3.02363 1.70584 2.44647 1.73244 2.1451 2.02817 1.71958 2.4017 1.70014 1.66138 7.63507
threshold=0.075042322278022724 0.015663319267332502 26.500000000000004 0.077064242213964421 0.43889071047306066 0.10712144896388051 34.500000000000007 34.500000000000007 0.041274802759289707 0.60861361026763927 0.12966839224100113 0.10445000231266016 0.10336397960782047 0.074414975941181113 0.065245654433965614 0.067260954529047012 0.067970786243677112 24.500000000000004 26.500000000000004 27.500000000000004 0.16747883707284927 0.10848632082343102 0.16265542060136792 0.16547077894210813 0.11382794752717017 0.16004090011119845 0.15746004879474637 0.15561762452125547 0.054943813011050203 0.054313480854034403
decision_type=2 2 2 2 2 2 2 2 2 2 2 2 2 2 2 2 2 2 2 2 2 2 2 2 2 2 2 2 2 2
left_child=1 -1 3 -2 5 -5 9 13 -9 10 11 12 -4 14 28 17 -17 -16 -19 -20 21 -7 24 -24 -23 26 27 -26 29 -3
right_child=2 7 6 4 -6 20 -8 8 -10 -11 -12 -13 -14 -15 15 16 -18 18 19 -21 -22 22 23 -25 25 -27 -28 -29 -30 -31
leaf_value=0.070722784305596295 -0.19080771944751709 0.01968075174171726 -0.0097153940528155423 -0.0017292887326297629 0.025040292922341185 -0.1209747306828485 0.050215282845656975 0.10433812798516645 0.021123347437179134 0.043908795844284761 -0.023091874704030953 0.028692295366120099 -0.1185982235457433 0.1062129502630772 0.020741945268720273 0.10647758703670325 0.0064209146660323471 -0.21408467848742557 0.053764779956810095 -0.10189672325575166 -0.060159688562681668 0.018388620786150639 0.10751153850907053 -0.040936972214253159 -0.041928180066195669 -0.12512684839991936 0.062599674840063055 -0.14853865812491676 0.040395235698021004 -0.14861265997112208
leaf_weight=62.43340864777565 3.3268296718597403 168.75147303566337 44.736564721912146 39.483752399682999 14.885031055659054 3.4076945781707755 11.020198509097098 10.759194307029249 11.802942559123037 8.1470330804586393 106.03720004484057 23.33828466385603 1.7528335377573956 2.4623966664075843 2.2958659380674344 2.7862122207880047 23.990218240767717 1.5530857816338537 1.8618497028946874 3.7839757055044174 93.359545208513737 5.6197350025176993 1.8785702288150781 2.0202243253588676 41.749707743525505 2.5431586951017371 2.1473422497510901 1.5514269098639477 36.852473273873329 2.7395056970417491
leaf_count=1560 41 3365 784 632 296 32 259 270 236 171 1603 450 22 45 34 49 423 23 29 48 1047 88 29 31 558 29 28 20 745 46
internal_value=0 0.0311136 -0.0241067 -0.0391615 -0.0367436 -0.0414899 -0.00774424 0.0219423 0.0608059 -0.0112154 -0.013769 0.00038828 -0.0138207 0.0183934 0.0175094 -0.00329836 0.0168323 -0.0600692 -0.0858414 -0.0505635 -0.0516657 -0.0386483 -0.0337701 0.0305905 -0.0384506 -0.0451064 -0.0406287 -0.0457479 0.0211319 0.0169923
internal_weight=0 332.073 407.005 211.973 208.646 193.761 195.032 269.639 22.5621 184.012 175.865 69.8277 46.4894 247.077 244.615 36.2712 26.7764 9.49478 7.19891 5.64583 154.277 60.9179 57.5102 3.89879 53.6114 47.9916 45.4485 43.3011 208.343 171.491
internal_count=12993 6873 6120 2831 2790 2494 3289 5313 506 3030 2859 1256 806 4807 4762 606 472 134 100 77 1862 815 783 60 723 635 606 578 4156 3411
is_linear=0
shrinkage=0.1


Tree=6
num_leaves=31
num_cat=0
split_feature=1 1 0 1 1 0 0 1 1 0 0 0 1 1 1 0 1 0 1 1 0 0 0 1 1 1 1 1 1 1
split_gain=45.7851 9.39596 8.62595 4.74004 4.61376 3.62766 3.05034 2.7806 4.75341 6.39518 2.7693 2.45157 3.21273 6.23479 10.5868 2.34548 2.65614 2.25451 2.21296 2.77432 3.16869 2.17162 2.32661 2.468 9.62805 2.16889 5.1706 2.15731 1.98202 2.1098
threshold=0.065245654433965614 0.015663319267332502 26.500000000000004 0.49272893369197845 0.11655261367559432 28.500000000000004 34.500000000000007 0.031227177008986456 0.033785678446292856 24.500000000000004 24.500000000000004 24.500000000000004 0.017119969241321052 0.021290439181029751 0.022286158055067003 35.500000000000007 0.069454759359359713 37.000000000000007 0.037043541669845505 0.048953428864479002 27.500000000000004 40.500000000000007 34.500000000000007 0.031227177008986456 0.030299486592411953 0.11504667252302166 0.33504606783390051 0.11504667252302166 0.019616398029029303 0.017119969241321052
decision_type=2 2 2 2 2 2 2 2 2 2 2 2 2 2 2 2 2 2 2 2 2 2 2 2 2 2 2 2 2 2
left_child=1 -1 3 4 27 7 -4 11 9 -9 -10 12 -3 -14 -15 -8 -17 25 -12 20 -20 22 23 24 -7 -18 -27 -2 29 -13
right_child=2 5 6 -5 -6 21 15 8 10 -11 18 28 13 14 -16 16 17 -19 19 -21 -22 -23 -24 -25 -26 26 -28 -29 -30 -31
leaf_value=0.068165822012300356 -0.017169694182021373 -0.12567744389384577 -0.0076437760779654897 0.029487286824416488 -0.045334183588843377 0.020244662252932744 0.10514284521300732 -0.16800575184016009 0.03396533170671464 0.012118205507644246 0.054151709785014671 0.071788844928642667 0.10550260155687237 -0.29906247798188484 0.0079694782538934378 -0.11664761635814372 0.065337333071759415 0.10446523144088067 -0.019242635766825066 0.01098760051179413 -0.11822267155012299 -0.11187979534001161 0.075079055544813381 0.047484693608895748 -0.30022181950139537 -0.163012385024248 0.10443250046930173 0.10743332220807625 0.062185398994378985 -0.03469321808527117
leaf_weight=58.50366935133934 71.934411272406578 1.7302531935274625 207.00573151558638 11.876978911459444 150.96818144991994 18.83786312490702 4.0155664309859267 3.6551398374140254 30.724517110735178 4.2782196588814259 5.8304023295640937 2.9661483317613593 5.586246024817231 1.235895138233899 12.299445185810326 1.3350076973438252 2.5534263104200345 3.0267308354377747 16.823657333850864 25.349629089236259 4.004112757742404 0.92306895926594634 16.980812177062035 39.784988258033991 0.98660459369420905 1.8695440292358401 1.1786255836486814 1.4168611913919438 25.37369542196393 4.9930163584649563
leaf_count=1560 1097 35 3400 250 1743 403 91 73 617 85 116 60 113 25 248 20 62 74 336 507 70 22 421 835 21 46 29 22 511 101
internal_value=0 0.0325075 -0.0187916 -0.0320778 -0.0353375 0.0231259 -0.00459069 0.0137824 0.00307148 -0.0708704 0.0101619 0.0317046 0.00481109 0.0166186 -0.0200652 0.0406207 0.0146161 0.0349257 -0.00390039 -0.0112301 -0.0382714 0.0405862 0.0424238 0.0331213 0.004296 -0.00264888 -0.0596004 -0.0147628 0.0485283 0.00498954
internal_weight=0 280.867 457.181 236.196 224.319 222.364 220.985 144.85 90.6657 7.93336 82.7323 54.1847 20.8518 19.1216 13.5353 13.9789 9.96333 8.62833 52.0078 46.1774 20.8278 77.5133 76.5903 59.6095 19.8245 5.6016 3.04817 73.3513 33.3329 7.95916
internal_count=12993 6159 6834 3112 2862 4599 3722 2897 1804 158 1646 1093 421 386 273 322 231 211 1029 913 406 1702 1680 1259 424 137 75 1119 672 161
is_linear=0
shrinkage=0.1


Tree=7
num_leaves=31
num_cat=0
split_feature=1 1 0 1 1 1 1 1 1 1 0 1 0 1 0 1 1 1 1 0 1 0 1 1 1 1 1 1 1 1
split_gain=37.9575 9.89263 5.93141 3.71143 3.3357 3.27081 3.09699 5.18865 3.166 3.25161 2.94486 3.91275 2.8205 2.77516 6.20423 2.82923 2.6523 5.4372 2.9334 2.41202 2.35965 2.49866 2.20465 2.25777 2.046 1.89159 1.88813 1.84549 1.7565 1.73872
threshold=0.075042322278022724 0.015663319267332502 28.500000000000004 0.57015633583068859 0.1342259347438812 0.4199152290821076 0.12330533564090722 0.081774055957794162 0.13755215704441073 0.1342259347438812 34.500000000000007 0.041274802759289707 32.500000000000007 0.077064242213964421 24.500000000000004 0.077604722231626469 0.14908029884099958 0.15325614064931867 0.17063533514738083 27.500000000000004 0.20028144866228104 32.500000000000007 0.10712144896388051 0.11504667252302166 0.087075758725404726 0.088220555335283266 0.08465333655476566 0.074414975941181113 0.087075758725404726 0.34686355292797094
decision_type=2 2 2 2 2 2 2 2 2 2 2 2 2 2 2 2 2 2 2 2 2 2 2 2 2 2 2 2 2 2
left_child=1 -1 3 4 13 6 7 -4 9 12 27 -12 -8 14 -2 -15 -10 -18 -19 26 21 -20 25 -24 -9 -21 -17 -3 -28 -6
right_child=2 10 5 -5 29 -7 8 24 16 -11 11 -13 -14 15 -16 19 17 18 20 22 -22 -23 23 -25 -26 -27 28 -29 -30 -31
leaf_value=0.065563470467031884 -0.19689151782740555 0.014919830368824039 -0.058389939777029422 0.0266343126769811 -0.040567229261522911 0.042652052122988414 -0.078122962186797817 0.087856905447680822 0.047713303003775361 -0.17211576939873049 0.10366788695651337 0.015462952269959107 0.058989292767731405 0.10724030812990554 0.01249185935079419 0.024478564604001867 -0.17601071077063091 0.048636393700795512 -0.033376796383915164 -0.032804938009617091 -0.0077866436641159517 -0.14850527253727494 0.10612570570948643 -0.07171700432444543 0.020925415706219669 -0.15533797564576668 -0.068156810372465293 0.10565434972095805 -0.010546792289849859 -0.012075990710616866
leaf_weight=54.930753260850906 2.5895751714706412 237.92361807078123 7.8774943128228179 12.736521426588295 158.86629636213183 15.764258492738007 5.3325732722878438 5.4507378973066798 6.7344051934778681 2.4647771008312702 9.1988561227917689 11.09495749697089 2.0876276455819607 1.9897894710302342 3.1203796789050102 14.54962072521448 2.1178730614483348 6.7343513630330554 6.401546895503996 2.1513661965727788 25.132880173623562 2.6719843484461308 1.243858475238085 1.6753137633204458 28.173929948359728 3.0402336120605469 5.709501050412654 2.262969732284545 72.444918472319841 24.757300689816475
leaf_count=1560 27 4762 140 274 1833 300 76 101 111 29 270 236 38 32 47 241 34 104 102 37 399 35 23 29 534 47 94 45 1084 349
internal_value=0 0.0269981 -0.0188634 -0.0262076 -0.0285114 0.000282965 -0.0063183 0.0146612 -0.0209081 -0.0726027 0.0188654 0.0554448 -0.0395473 -0.0146112 -0.0824676 -0.0108424 -0.0106457 -0.0197731 -0.0116909 -0.013173 -0.0235677 -0.06728 -0.0654663 0.00406172 0.0317754 -0.104561 -0.00859778 0.0157747 -0.0147554 -0.0367259
internal_weight=0 315.411 421.819 304.875 292.138 116.944 101.18 41.5022 59.678 9.88498 260.48 20.2938 7.4202 108.515 5.70995 102.805 49.793 43.0586 40.9408 100.815 34.2064 9.07353 8.11077 2.91917 33.6247 5.1916 92.704 240.187 78.1544 183.624
internal_count=12993 6873 6120 4117 3843 2003 1703 775 928 143 5313 506 114 1661 74 1587 785 674 640 1555 536 137 136 52 635 84 1419 4807 1178 2182
is_linear=0
shrinkage=0.1


Tree=8
num_leaves=31
num_cat=0
split_feature=1 1 0 1 0 1 1 1 0 1 1 1 0 1 1 1 0 0 1 0 0 0 1 1 1 1 1 1 1 0
split_gain=31.4945 7.70914 5.67072 3.19568 3.00549 2.81744 2.52075 2.60494 2.47124 2.41911 5.28808 3.65355 2.55207 2.29727 2.26617 2.7465 6.27736 2.19084 2.90188 2.06996 1.94197 5.29954 4.22649 3.21001 3.55458 2.29863 2.18564 2.0728 2.06499 2.38624
threshold=0.065245654433965614 0.015663319267332502 26.500000000000004 0.43889071047306066 28.500000000000004 0.16747883707284927 0.028254488483071254 0.026843668892979556 34.500000000000007 0.054943813011050203 0.054313480854034403 0.057422159239649752 27.500000000000004 0.029749253764748552 0.031227177008986456 0.032695716246962506 24.500000000000004 35.500000000000007 0.068759903311729417 37.000000000000007 27.500000000000004 28.500000000000004 0.079150963574647862 0.073023460805416121 0.078540842980146366 0.22433379292488098 0.4199152290821076 0.20779396593570706 0.12330533564090722 32.500000000000007
decision_type=2 2 2 2 2 2 2 2 2 2 2 2 2 2 2 2 2 2 2 2 2 2 2 2 2 2 2 2 2 2
left_child=1 -1 3 5 6 -2 7 -3 20 10 12 -11 13 -8 -15 16 -16 -10 -19 -20 22 23 -4 -22 -25 27 28 -26 29 -23
right_child=2 4 8 -5 -6 -7 9 -9 17 11 -12 -13 -14 14 15 -17 -18 18 19 -21 21 26 -24 24 25 -27 -28 -29 -30 -31
leaf_value=0.062921389225722865 -0.018122453772459038 0.023397739786897534 0.072403640584717918 0.020831888629698772 0.036366581841009028 -0.040247374856038964 -0.061500619377089644 0.10486741714384107 0.10460896128023925 0.10484467419456932 -0.15634254780358836 0.0095367182124434843 -0.054302443648919341 0.081420019644354469 -0.17737001223412152 0.011719084760384295 0.057848017262035756 -0.12761842778767757 -7.4629529856391056e-05 0.10409890499989019 -0.18365071792276411 0.019210455196687418 -0.0018014450982980397 0.10642087704048458 -0.059566587307025555 -0.0037172372820310148 0.034258890390902234 -0.17416322030836315 -0.020962551264514497 -0.032886012562252619
leaf_weight=51.684295535087585 128.20320530235767 37.839253183454275 8.9704662933945638 14.186651680618523 73.044385682791471 104.44660022109747 4.7849617376923552 4.3788749687373629 3.6336377039551726 5.2000228390097645 2.2671057805418959 17.756440207362175 8.0877867974340898 4.1907735615968695 2.4658746905624858 52.273491930216551 2.1015168875455856 1.2653062343597401 5.7318217717111093 2.8587527871131897 1.7176484018564249 37.764350075274706 53.174189191311598 1.5097592845559145 16.039847560226924 7.1522403061389914 13.936634130775927 1.7506593689322461 56.271688710898161 11.460358541458843
leaf_count=1560 1769 794 174 296 1702 1047 94 99 91 118 32 373 146 88 43 1067 43 16 139 76 28 671 861 27 227 107 265 19 821 200
internal_value=0 0.0282537 -0.0148004 -0.0252456 0.0198962 -0.0280553 0.0113847 0.0318478 -0.00325107 0.00266958 -0.00590645 0.0311256 -0.00129164 0.00522252 0.0104537 0.00522149 -0.0691431 0.0382371 0.0137673 0.034592 -0.00591929 -0.0121628 0.00890992 -0.0511784 -0.0425765 -0.0515952 -0.00296032 -0.0708434 -0.00787717 0.0070815
internal_weight=0 266.075 470.074 246.836 214.39 232.65 141.346 42.2181 223.237 99.128 76.1715 22.9565 73.9044 65.8166 61.0317 56.8409 4.56739 13.4895 9.85588 8.59057 209.748 147.603 62.1447 28.1702 26.4525 24.9427 119.433 17.7905 105.496 49.2247
internal_count=12993 6159 6834 3112 4599 2816 2897 893 3722 2004 1513 491 1481 1335 1241 1153 86 322 231 215 3400 2365 1035 408 380 353 1957 246 1692 871
is_linear=0
shrinkage=0.1


Tree=9
num_leaves=31
num_cat=0
split_feature=1 1 0 1 0 1 1 0 0 1 1 1 0 0 0 0 1 1 1 1 1 1 0 0 1 1 1 1 1 1
split_gain=25.9343 6.95768 4.45809 2.75908 2.67417 3.39674 2.46137 2.07997 2.0583 2.1948 1.98744 1.98513 1.92388 1.82794 3.07254 5.578 6.61085 6.47059 3.53649 1.76523 4.8657 1.57735 1.55441 4.00892 3.70009 3.1948 3.44027 2.04606 5.43806 3.11451
threshold=0.065245654433965614 0.015663319267332502 26.500000000000004 0.78142130374908458 34.500000000000007 0.041274802759289707 0.057422159239649752 34.500000000000007 35.500000000000007 0.068759903311729417 0.050140738487243604 0.10712144896388051 37.000000000000007 26.500000000000004 28.500000000000004 27.500000000000004 0.0070568697992711505 0.011631107889115802 0.014429700560867701 0.11504667252302166 0.1474062725901604 0.38523904979228979 27.500000000000004 28.500000000000004 0.079150963574647862 0.071719862520694719 0.078540842980146366 0.096791818737983662 0.092513274401426315 0.19342462718486783
decision_type=2 2 2 2 2 2 2 2 2 2 2 2 2 2 2 2 2 2 2 2 2 2 2 2 2 2 2 2 2 2
left_child=1 13 3 11 -3 -6 10 22 -9 -10 -7 -2 19 -1 15 18 -17 -18 -15 -11 -21 -13 24 25 -4 -24 -27 28 -26 -29
right_child=2 4 7 -5 5 6 -8 8 9 12 -12 21 -14 14 -16 16 17 -19 -20 20 -22 -23 23 -25 27 26 -28 29 -30 -31
leaf_value=0.081138328548568575 -0.0080528150721538589 0.015155462446551438 0.069761361086401116 0.072171642438453393 0.1031886626228064 0.032442191995207419 0.10391661858267982 0.10415405152189093 -0.10286922274824145 0.063714890898449769 -0.089797758360743468 -0.03143127642590763 0.10369385427209898 0.058463480835341912 0.067770379801177436 0.10333602942062013 -0.50636082119839887 -0.056709393866872342 -0.17500383716632334 -0.25808066614402869 0.022760339599906889 0.0013829970999185339 -0.17433739117890498 -0.0026336263694362585 0.0025600459487220262 0.10595760673985832 -0.044306774896627529 0.031817678236361523 -0.16948911364845332 -0.021591330063479977
leaf_weight=22.52485479041934 62.955625228583813 195.24563087522984 8.4086383767425996 3.057861663401126 8.0712809171527606 2.7658589780330649 1.9934616163372991 3.3014791049063197 1.4042462110519398 2.4696689881384355 2.562117263674736 169.75617863982916 2.596295453608036 6.6856018379330653 16.870210245251656 0.65606373175978649 0.65606373175978638 0.62482260167598724 0.71854599192738522 0.82607686892151866 2.4364660158753395 16.0322549007833 1.7634452357888246 119.71580397710204 6.7416998296976072 1.6183323450386549 26.037345461547375 23.860143300145864 2.5252642035484314 20.129955548793077
leaf_count=721 954 4156 174 69 270 64 55 91 16 64 54 1806 76 214 540 21 21 20 23 18 57 283 24 1957 120 31 353 388 38 315
internal_value=0 0.0261973 -0.0131108 -0.0222387 0.0183191 0.0584482 0.00912552 -0.00284245 0.0359241 0.0127796 -0.0263406 -0.0233994 0.0322789 0.0602469 0.0422937 -0.00371777 -0.154802 -0.287019 0.0358063 -6.71616e-05 -0.0483487 -0.0285996 -0.00523947 -0.0107612 0.00811463 -0.0438351 -0.0355137 -0.00161864 -0.0443237 0.00737761
internal_weight=0 259.375 475.637 251.802 210.638 15.3927 7.32144 223.835 13.0342 9.73275 5.32798 248.744 8.32851 48.7362 26.2113 9.3411 1.93695 1.28089 7.40415 5.73221 3.26254 185.788 210.801 149.135 61.6657 29.4191 27.6557 53.2571 9.26696 43.9901
internal_count=12993 6159 6834 3112 4599 443 173 3722 322 231 118 3043 215 1560 839 299 62 41 237 139 75 2089 3400 2365 1035 408 384 861 158 703
is_linear=0
shrinkage=0.1


Tree=10
num_leaves=31
num_cat=0
split_feature=1 1 0 0 1 0 1 1 0 0 0 0 0 0 0 1 1 0 1 1 1 1 1 1 1 0 1 1 1 1
split_gain=21.3561 6.31761 3.52673 2.4932 2.30677 2.25585 1.8415 3.55799 2.05475 2.89648 1.76905 1.91903 1.74804 2.68315 3.75273 2.64515 1.7049 1.76849 1.57495 5.81874 1.55965 5.80205 1.53317 1.59434 4.0236 1.89716 3.02055 1.54785 1.49856 1.67929
threshold=0.065245654433965614 0.015663319267332502 26.500000000000004 30.500000000000004 0.78142130374908458 40.500000000000007 0.057422159239649752 0.046367019414901657 35.500000000000007 32.500000000000007 34.500000000000007 35.500000000000007 26.500000000000004 28.500000000000004 27.500000000000004 0.014429700560867701 0.068759903311729417 37.000000000000007 0.025899824686348404 0.023091244511306255 0.019997528754174654 0.018607353791594453 0.099918007850646959 0.077064242213964421 0.075042322278022724 24.500000000000004 0.067260954529047012 0.07247154787182801 0.60861361026763927 0.12966839224100113
decision_type=2 2 2 2 2 2 2 2 2 2 2 2 2 2 2 2 2 2 2 2 2 2 2 2 2 2 2 2 2 2
left_child=1 12 4 -3 22 6 7 8 9 -5 28 -12 -1 14 15 -14 -13 -18 19 20 21 -11 23 24 25 27 -27 -2 29 -4
right_child=2 3 10 5 -6 -7 -8 -9 -10 18 11 16 13 -15 -16 -17 17 -19 -20 -21 -22 -23 -24 -25 -26 26 -28 -29 -30 -31
leaf_value=0.079123153850223726 0.044009645968223265 0.011543843770836811 0.0038162804735259628 0.089661249789749681 0.069611931416892356 -0.11650690054937095 0.10392635333270497 -0.018857709763642549 0.10316571149756629 0.10435122593150446 0.10374551575318214 -0.084900277109383637 0.055746709327976207 0.065218792028555211 -0.11328510134111214 -0.13257356076626586 0.00049099106902271601 0.10333016451293314 0.040206902511719572 -0.22592037715387059 0.10424993349188622 -0.21977401767690707 -0.024719665566056578 0.0084010467375255082 -0.11171699796233202 -0.15280027517032502 -0.0059674508826809657 -0.044369335874630211 0.038997162599297634 -0.014422824292579302
leaf_weight=20.874311899766326 7.907046236097818 168.51231618970633 91.369320929050446 6.6976526565849843 2.8634495101869097 0.9029892235994329 4.4400483258068553 8.8773711733520013 6.5125825777649871 1.3690591417253006 2.9984656926244488 1.5241150856018055 6.3291292339563388 15.831698477268217 2.2978896275162697 0.84549573436379422 5.7549065761268121 2.3570722881704569 6.22816251963377 1.2119160108268259 1.5182206779718397 0.92570187896490086 198.89034307748079 32.280036695301533 4.4268632233142844 1.9025073125958432 5.3148774281144142 2.6444096378982067 7.5881967768073073 112.79949997365475
leaf_count=721 126 3582 1626 160 69 22 123 196 226 35 91 16 214 540 62 23 139 76 158 33 40 24 2225 496 41 23 88 44 171 1603
internal_value=0 0.0242542 -0.0116235 0.0167996 -0.0196398 0.0396946 0.0434279 0.0353712 0.0550501 0.0375935 -0.00246986 0.0338802 0.0577019 0.0400307 -0.00206692 0.0335541 0.0121402 0.0303726 0.00660361 -0.0350464 0.0256209 -0.0264002 -0.0206485 -0.00578485 -0.0264159 -0.00516434 -0.0446727 0.0218601 -0.0046387 -0.00626049
internal_weight=0 253.375 480.621 207.196 256.23 38.6837 37.7807 33.3407 24.4633 17.9507 224.392 12.6346 46.1785 25.3042 9.47251 7.17462 9.63609 8.11198 11.2531 5.0249 3.81298 2.29476 253.366 54.4757 22.1957 17.7688 7.21738 10.5515 211.757 204.169
internal_count=12993 6159 6834 4599 3112 1017 995 872 676 450 3722 322 1560 839 299 237 231 215 290 132 99 59 3043 818 322 281 111 170 3400 3229
is_linear=0
shrinkage=0.1


Tree=11
num_leaves=31
num_cat=0
split_feature=1 0 1 1 1 0 0 1 1 1 1 1 0 1 1 1 0 1 1 0 1 0 1 0 1 1 1 1 1 1
split_gain=17.8459 4.8773 4.12183 4.04223 3.89898 2.50148 4.32748 3.05705 2.76929 2.40889 3.08697 2.03881 2.00605 1.71544 2.99523 3.99838 1.65817 1.55435 2.86015 1.53667 1.52711 5.95456 6.07372 2.3578 2.09567 2.03444 1.92792 2.07515 3.3654 2.44469
threshold=0.040667278692126205 34.500000000000007 0.11655261367559432 0.34686355292797094 0.0065513132140040007 28.500000000000004 27.500000000000004 0.049554526805877658 0.062637250870466218 0.071719862520694719 0.078540842980146366 0.11504667252302166 33.500000000000007 0.31542195379734045 0.30125127732753754 0.28423990309238439 24.500000000000004 0.08465333655476566 0.041274802759289707 33.500000000000007 0.021290439181029751 24.500000000000004 0.022286158055067003 24.500000000000004 0.0091695096343755011 0.010871858801692702 0.023091244511306255 0.033785678446292856 0.031227177008986456 0.029749253764748552
decision_type=2 2 2 2 2 2 2 2 2 2 2 2 2 2 2 2 2 2 2 2 2 2 2 2 2 2 2 2 2 2
left_child=1 4 5 13 19 6 11 -8 -9 -10 -11 17 -5 14 15 -4 -16 18 -2 -1 23 22 -22 -6 -25 -26 -24 28 29 -28
right_child=2 -3 3 12 20 -7 7 8 9 10 -12 -13 -14 -15 16 -17 -18 -19 -20 -21 21 -23 26 24 25 -27 27 -29 -30 -31
leaf_value=0.093009533693562865 -0.14750742132892891 0.094002332963500065 -0.017859664930794016 0.0039495318728264362 0.068990452797583521 0.016166055347809554 -0.13186257350912289 0.065112480124817337 -0.14012557348543284 0.10533929289157491 -0.053430544192033039 0.10686771508890491 0.079000217171347586 -0.055388717104398161 -0.012023226644438022 -0.083438191875038772 0.073349895344594074 -0.014245963987345654 0.0086756455851083446 -0.078422420293577239 -0.2220559328193335 0.030721601621662209 0.10511529088909366 -0.033632950271541583 0.1031715042084938 0.022748739532247091 -0.032838402585880201 0.021495654166830296 -0.11643849390087327 0.10489621986613834
leaf_weight=10.092803977429863 1.1868446618318547 11.343314375728367 229.94954738393426 54.933220256119967 14.353911120444534 84.746766535565257 3.757138945162299 2.5003731250762931 2.3988263458013526 1.4671739041805247 7.4070602171123028 1.7817728668451298 3.8084111250936976 13.163942804560063 3.9408583566546422 9.6891404781490547 5.3820616267621517 54.640356607735157 97.147022407501936 0.55144108831882555 1.5197126194834734 55.229748245328665 1.2499779313802744 5.8445306830108157 3.5216110311448565 29.449985958635807 8.6929910108447093 7.1753765642642966 4.4739360958337775 1.5129354298114766
leaf_count=367 25 430 2754 930 436 1751 57 55 32 31 107 30 90 153 35 102 67 809 1846 20 25 1240 27 202 123 800 187 155 73 34
internal_value=0 0.0308749 -0.00733582 -0.0148946 0.0258907 0.00210014 -0.00481881 -0.0519076 -0.0300973 -0.0512149 -0.0271812 0.000515354 0.00881531 -0.0202079 -0.0183477 -0.0205112 0.0372621 -0.000723389 0.00679059 0.0841282 0.0212307 0.0124879 -0.0284074 0.0343613 0.0215558 0.0313385 -0.0156705 -0.0225786 -0.0441217 -0.0124205
internal_weight=0 155.012 577.901 320.867 143.669 257.033 172.287 17.5306 13.7734 11.2731 8.87423 154.756 58.7416 262.126 248.962 239.639 9.32292 152.974 98.3339 10.6442 133.025 79.8547 24.6249 53.17 38.8161 32.9716 23.1052 21.8552 14.6799 10.2059
internal_count=12993 4119 8874 4131 3689 4743 2992 282 225 170 138 2710 1020 3111 2958 2856 102 2680 1871 387 3302 1741 501 1561 1125 923 476 449 294 221
is_linear=0
shrinkage=0.1


Tree=12
num_leaves=31
num_cat=0
split_feature=1 0 1 0 0 0 1 1 1 1 1 1 1 0 1 1 1 1 1 1 1 1 1 1 1 1 1 1 1 0
split_gain=14.8903 4.60767 3.62095 3.4107 2.68025 3.50846 2.36051 2.09232 2.76159 1.94812 5.89137 2.26207 1.78103 5.52168 6.91868 4.30405 1.99094 1.92221 1.67795 2.77181 5.09831 1.64781 1.5255 1.44684 2.8034 2.22375 2.19865 3.47319 2.43249 2.22362
threshold=0.040667278692126205 35.500000000000007 0.0065513132140040007 28.500000000000004 27.500000000000004 26.500000000000004 0.043460695073008503 0.19342462718486783 0.20370752364397046 0.045823385939002002 0.043460695073008503 0.054313480854034403 0.096791818737983662 24.500000000000004 0.042454503476619714 0.045281672850251163 0.38523904979228979 0.047655701637268004 0.090435314923524815 0.07247154787182801 0.079150963574647862 0.16547077894210813 0.081774055957794162 0.4199152290821076 0.12330533564090722 0.13755215704441073 0.14908029884099958 0.15325614064931867 0.17344882339239123 32.500000000000007
decision_type=2 2 2 2 2 2 2 2 2 2 2 2 2 2 2 2 2 2 2 2 2 2 2 2 2 2 2 2 2 2
left_child=1 2 -1 4 5 12 -6 9 -9 10 -7 -11 13 18 -15 -16 -14 -17 19 -2 -21 -13 -22 24 -5 -26 -27 -28 29 -29
right_child=3 -3 -4 23 6 7 -8 8 -10 11 -12 21 16 14 15 17 -18 -19 -20 20 22 -23 -24 -25 25 26 27 28 -30 -31
leaf_value=0.082664053175333874 0.032228341252166906 0.1025311305951042 0.020229170358437663 0.014328172879812771 -0.15990826137421821 0.10554210693082096 -0.031553235146856748 -0.1438063012736974 -0.0064972719576628125 0.086452396621449198 -0.17509068576576417 0.011258538500666181 -0.021693230059957977 -0.24979244198407705 0.10534789091216641 -0.13879863466626705 0.012248904512904078 -0.02753364329655434 0.071051900677762722 -0.073523725503247081 0.10720156095547291 0.07033020082472026 0.011202015968933438 0.035969628476797834 -0.054487219124712584 0.048313225133436624 -0.12607713370538673 0.073939706063719718 -0.01722130325438612 -0.052301482430698022
leaf_weight=9.9879276864230615 28.633464176207781 8.0123664662241918 132.74048280529678 87.513107113540173 1.4907556772232045 1.2888191007077687 36.844652596861124 1.5854936689138437 19.232579883188009 5.3167707920074454 1.7829215750098226 43.075411979109049 193.18328180164099 1.4067664146423329 2.409353479743003 1.6383603662252451 18.979293927550316 29.691779091954231 5.4675737768411627 8.6825906373560446 2.0679430514574042 5.3036658540368071 8.2952139973640424 14.363019425421951 10.86782327853143 6.7889827508479348 2.5503089763224116 5.9872557744383803 34.947014531120658 1.8192240782082079
leaf_count=393 588 336 3390 1831 21 26 507 22 293 112 37 796 2005 28 50 34 352 511 83 114 33 77 126 300 143 111 34 94 522 24
internal_value=0 0.0287407 0.0245983 -0.00652972 -0.0113496 -0.00879471 -0.0365446 0.0101631 -0.0169547 0.0201078 -0.0573448 0.0245386 -0.0136901 -0.0017553 -0.0325071 -0.0234474 -0.0186569 -0.0333521 0.0185811 0.012564 -0.0169994 0.0177344 0.0303585 0.00564531 0.00275079 -0.0133414 -0.00475734 -0.0127102 -0.00594771 0.0445204
internal_weight=0 150.741 142.728 581.213 416.377 378.041 38.3354 77.5857 20.8181 56.7676 3.07174 53.6958 300.456 88.293 35.1463 33.7395 212.163 31.3301 53.1468 47.6792 19.0457 48.3791 10.3632 164.837 150.474 62.9606 52.0928 45.3038 42.7535 7.80648
internal_count=12993 4119 3783 8874 5815 5287 528 1363 315 1048 63 985 3924 1567 623 595 2357 545 944 861 273 873 159 3059 2759 928 785 674 640 118
is_linear=0
shrinkage=0.1


Tree=13
num_leaves=31
num_cat=0
split_feature=1 1 1 0 0 0 1 0 1 0 0 1 1 1 1 1 0 0 0 1 1 1 1 0 1 1 1 1 0 0
split_gain=12.889 4.34427 3.52322 2.58848 4.77812 2.32437 2.13842 2.19131 2.01055 2.18891 2.32998 2.10826 1.9784 2.00536 1.69129 1.96057 3.42037 1.67985 1.62059 1.37485 2.34967 5.70643 1.36975 1.81316 1.55558 2.60958 3.66545 1.62407 4.99725 1.97562
threshold=0.0250257840380072 0.075042322278022724 0.025899824686348404 30.500000000000004 26.500000000000004 37.000000000000007 0.0065513132140040007 35.500000000000007 0.028254488483071254 28.500000000000004 27.500000000000004 0.029749253764748552 0.34686355292797094 0.17063533514738083 0.031227177008986456 0.032695716246962506 24.500000000000004 33.500000000000007 40.500000000000007 0.047655701637268004 0.031227177008986456 0.030299486592411953 0.15746004879474637 24.500000000000004 0.1342259347438812 0.13755215704441073 0.13939739763736722 0.080902721732854802 32.500000000000007 30.500000000000004
decision_type=2 2 2 2 2 2 2 2 2 2 2 2 2 2 2 2 2 2 2 2 2 2 2 2 2 2 2 2 2 2
left_child=6 2 3 4 -2 12 -1 -8 -4 10 11 -10 13 22 -13 16 -16 -14 19 20 21 -11 24 -24 27 -26 -27 28 -3 -29
right_child=1 5 8 -5 -6 -7 7 -9 9 18 -12 14 17 -15 15 -17 -18 -19 -20 -21 -22 -23 23 -25 25 26 -28 29 -30 -31
leaf_value=0.081979370759734008 -0.13731048122089237 -0.01383858616654036 0.054097826811563922 -0.23323379063165409 0.10461962808868282 0.10296816855205865 0.027804547060240797 0.10232607360967733 -0.059437735393970847 0.062927454721137435 -0.03882482202867088 0.076070411578032404 0.0030986771426611075 -0.021147556070764753 -0.12109718617852881 0.008854205268550519 0.050963980980713502 0.075487693538524719 -0.1078337016367471 0.013441688478938269 0.058201443583058857 -0.19420847017844597 -0.017218450823025599 0.043101410501876741 -0.068976106044796009 0.0822030674487218 -0.022359694963215021 -0.0046222819584566515 -0.17476133605980562 0.031484013911827889
leaf_weight=9.7601268608123046 2.0638326220214362 20.320645973086361 9.9478348791599256 0.88838751427829254 1.3505738675594328 1.8322343919426192 68.204523866996169 4.1881410330533972 4.8420419916510573 2.4421779587864907 13.622715216130016 3.5330989360809317 54.489953000098467 157.93591103516519 3.0511239841580382 95.016956437379122 1.8594173751771448 3.4061048962175837 0.92978914640843768 37.974043587222695 19.583321716636419 1.3347528055310247 8.5079339519143122 12.028871361166237 10.375269427895544 3.6944183632731429 36.228112868964672 122.08555961772799 2.132212145254015 17.302035110071301
leaf_count=416 46 308 255 24 32 66 1983 190 94 73 225 88 930 1669 43 1949 43 87 18 830 533 31 92 162 101 50 454 1830 40 331
internal_value=0 -0.00400268 0.00832453 -0.0811778 -0.0416146 -0.00943462 0.0380399 0.0321158 0.0103082 0.00794321 0.000152923 0.00505569 -0.00989381 -0.0124508 0.00807404 0.00566992 -0.0559448 0.00735742 0.0231981 0.0251845 0.0442734 -0.0279434 -0.00654754 0.0181123 -0.00893482 -0.0242954 -0.0126835 -0.00416097 -0.0291204 -0.000140446
internal_weight=0 648.779 198.44 4.30279 3.41441 450.339 82.1528 72.3927 194.137 184.189 121.925 108.303 448.507 390.611 103.461 99.9275 4.91054 57.8961 62.2641 61.3343 23.3603 3.77693 232.675 20.5368 212.138 50.2978 39.9225 161.84 22.4529 139.388
internal_count=12993 10404 4284 102 78 6120 2589 2173 4182 3927 2442 2217 6054 5037 2123 2035 86 1017 1485 1467 637 104 3368 254 3114 605 504 2509 348 2161
is_linear=0
shrinkage=0.1


Tree=14
num_leaves=31
num_cat=0
split_feature=1 1 1 0 1 0 1 1 0 0 1 1 1 0 1 0 1 1 1 1 1 0 0 0 1 1 1 1 1 1
split_gain=10.81 3.53277 2.61801 2.05858 2.02209 2.09621 2.01706 1.83969 1.8039 1.77404 1.65321 1.56435 1.5541 1.74249 2.61129 2.57189 3.33529 1.78362 1.93697 2.11217 1.71815 1.47531 3.63598 1.37516 3.02623 4.29312 4.56231 1.33363 1.33244 1.70016
threshold=0.0250257840380072 0.075042322278022724 0.025899824686348404 37.000000000000007 0.0065513132140040007 35.500000000000007 0.074414975941181113 0.028254488483071254 28.500000000000004 27.500000000000004 0.51510724425315868 0.029749253764748552 0.031227177008986456 26.500000000000004 0.032695716246962506 24.500000000000004 0.037043541669845505 0.041274802759289707 0.045281672850251163 0.042454503476619714 0.068759903311729417 30.500000000000004 26.500000000000004 24.500000000000004 0.077064242213964421 0.096791818737983662 0.1022843271493911 0.079150963574647862 0.07247154787182801 0.054943813011050203
decision_type=2 2 2 2 2 2 2 2 2 2 2 2 2 2 2 2 2 2 2 2 2 2 2 2 2 2 2 2 2 2
left_child=4 2 21 10 -1 -6 7 -4 9 11 23 -9 -13 14 -14 28 -17 -18 19 -19 -15 22 -2 24 -3 27 -27 -26 29 -16
right_child=1 3 6 -5 5 -7 -8 8 -10 -11 -12 12 13 20 15 16 17 18 -20 -21 -22 -23 -24 -25 25 26 -28 -29 -30 -31
leaf_value=0.080118599928410861 -0.10844388935846105 -0.10921025509386073 0.051307617992861314 0.10267789779025667 0.025711285201776013 0.10209992056644918 0.10492878708803446 -0.050593438552491557 0.020230957571343022 -0.034425966211106392 0.017431589827449301 0.07370014238361762 -0.080118958107375585 0.017782269105480735 0.0051334509429465797 0.074090493499326629 -0.10857156037926208 -0.060829009972212092 -0.035810444384857712 0.10477072480247691 0.10469229613243361 -0.16782473426438249 0.10416074228921023 -0.0057953050663929299 -0.032455791126790097 -0.11604252890021956 -0.017924399127024666 0.042003000354334213 -0.053121070066709068 0.049472758133392913
leaf_weight=9.026143550872801 2.33502459898591 3.5178042948245993 9.4655527044087631 1.6623222660273302 66.4754588175565 3.7975533455610266 2.1865905970334998 5.1043456569313994 60.124560158699751 14.010867431759833 22.79846297763288 3.2944983541965476 4.2436165921390048 22.875598520040516 21.997884627431631 3.2593120336532619 2.800948183983567 1.1930761486291914 20.362493757158518 2.1730760112404823 2.525852669030427 1.0971195213496683 1.2271588742732999 267.18466087244451 2.8538115248084095 4.9108756110072127 135.3973086848855 15.312397912144659 2.4855715185403815 14.249951917678116
leaf_count=416 46 27 255 66 1983 190 51 94 1463 223 510 88 64 498 480 75 57 20 375 50 59 24 32 3810 43 72 1350 242 37 293
internal_value=0 -0.00354443 0.00763684 -0.00840041 0.0355623 0.0298393 0.00943094 0.00833289 0.00608177 -0.000973574 -0.00880894 0.0034246 0.00614214 0.0038749 -0.00399677 0.000717506 -0.021374 -0.0331024 -0.0241939 0.0460767 0.0264244 -0.0664308 -0.0352024 -0.0102029 -0.0174726 -0.0154362 -0.0213586 0.0303059 0.0177075 0.0225644
internal_weight=0 650.651 197.013 453.638 79.2992 70.273 192.354 190.167 180.702 120.577 451.975 106.566 101.462 98.1674 72.7659 68.5223 29.7889 26.5296 23.7286 3.36615 25.4015 4.6593 3.56218 429.177 161.992 158.474 140.308 18.1662 38.7334 36.2478
internal_count=12993 10404 4284 6120 2589 2173 4182 4131 3876 2413 6054 2190 2096 2008 1451 1387 577 502 445 70 557 102 78 5544 1734 1707 1422 285 810 773
is_linear=0
shrinkage=0.1


Tree=15
num_leaves=31
num_cat=0
split_feature=1 1 1 0 0 0 1 1 0 1 1 0 0 0 1 1 1 1 0 1 1 1 1 0 1 0 1 1 1 1
split_gain=9.05019 2.88158 1.98906 2.70814 3.40182 1.93824 1.98702 1.84318 1.82742 1.58702 1.51572 1.48339 1.40302 1.31802 1.30955 1.27437 2.41149 5.51082 1.30831 1.65699 2.64781 1.22185 1.36655 1.44058 1.96252 2.06502 2.76188 1.61107 1.25237 1.29783
threshold=0.0250257840380072 0.075042322278022724 0.025899824686348404 32.500000000000007 26.500000000000004 35.500000000000007 0.0065513132140040007 0.074414975941181113 37.000000000000007 0.028254488483071254 0.78142130374908458 28.500000000000004 27.500000000000004 33.500000000000007 0.024511273950338305 0.041274802759289707 0.031227177008986456 0.030803618021309351 30.500000000000004 0.037043541669845505 0.034852059558033908 0.029749253764748552 0.031227177008986456 26.500000000000004 0.032695716246962506 24.500000000000004 0.037043541669845505 0.068759903311729417 0.034315360710024806 0.045823385939002002
decision_type=2 2 2 2 2 2 2 2 2 2 2 2 2 2 2 2 2 2 2 2 2 2 2 2 2 2 2 2 2 2
left_child=5 2 3 4 -2 6 13 9 10 -4 -3 12 21 -1 -8 16 17 -13 19 20 -18 -11 -23 24 -24 -26 -27 28 -25 -30
right_child=1 8 7 -5 -6 -7 14 -9 -10 11 -12 15 -14 -15 -16 -17 18 -19 -20 -21 -22 22 23 27 25 26 -28 -29 29 -31
leaf_value=0.088416844603593517 -0.088161422775500417 -0.0083972302160334033 0.048540612004940448 -0.2066497780591445 0.10422582603609282 0.10191286306404812 0.021230677595672244 0.10443965659484702 0.10241670470193781 -0.043438098577184767 0.053740935291177384 0.038472110379452487 -0.030045050386995231 -0.066849207674662486 0.10449753925081132 0.010004056653965252 0.059588731013371747 -0.25111135554653891 0.10311926207257634 0.10420753696556946 -0.11756711064896606 0.071271194233328505 -0.067156148947995681 0.10456049079236203 0.016238564253543888 0.071604787676951137 -0.028778895885701955 0.10422589067274335 -0.025662873488886653 0.027307065757710178
leaf_weight=7.318233147263526 2.5707052908837786 451.11352401040494 9.0279099456965906 0.95685577392578114 1.4305504411458967 3.8934081234037867 62.965208994224668 1.9873023349791754 1.5077719744294871 5.3371710851788512 3.9600370731204739 3.0449041798710819 14.424811217933891 0.59086701646447171 1.9471772946417321 44.075729565694928 2.2417712211608873 0.83801802992820729 5.3491559121757746 2.1309501230716705 1.3527929782867429 3.0774379447102538 4.5390026979148379 1.4997991025447905 38.128646723926067 3.0463405586779144 27.327373377978802 2.2951916009187689 6.8749365657568005 14.136901151388882
leaf_count=367 46 5952 255 18 38 213 1935 51 66 94 102 91 223 26 48 1013 58 15 196 55 35 88 64 36 810 75 502 59 147 315
internal_value=0 -0.00314094 0.0070115 -0.0555193 -0.0193781 0.0331697 0.0294944 0.00863696 -0.00749235 0.00762827 -0.00785651 0.00557312 -0.000780857 0.0768173 0.0237284 0.0185632 0.0437845 -0.0240262 0.0675598 0.0343378 -0.00708282 0.00319166 0.00565754 0.00359392 -0.0034773 0.000742097 -0.0187109 0.0244144 0.0162772 0.00997565
internal_weight=0 652.276 195.694 4.95811 4.00126 76.7149 72.8215 190.736 456.581 188.749 455.074 179.721 120.688 7.9091 64.9124 59.0333 14.9576 3.88292 11.0747 5.72551 3.59456 106.263 100.926 97.8482 73.0414 68.5024 30.3737 24.8068 22.5116 21.0118
internal_count=12993 10404 4284 102 84 2589 2376 4182 6120 4131 6054 3876 2413 393 1983 1463 450 106 344 148 93 2190 2096 2008 1451 1387 577 557 498 462
is_linear=0
shrinkage=0.1


Tree=16
num_leaves=31
num_cat=0
split_feature=1 1 1 1 1 0 1 0 1 0 0 1 0 1 1 1 0 0 1 1 1 1 1 1 1 1 0 1 1 1
split_gain=7.56948 2.56618 2.44132 2.77846 1.88534 1.85955 1.85718 1.53039 1.30686 1.68412 2.77114 1.57577 1.34565 1.47531 1.50267 3.57759 1.29152 1.41075 2.51212 3.28327 1.5739 4.24233 1.4955 1.47181 3.64921 1.68316 1.25433 4.63657 5.53782 2.13794
threshold=0.0250257840380072 0.1342259347438812 0.13755215704441073 0.13939739763736722 0.34686355292797094 35.500000000000007 0.0056940347421914001 33.500000000000007 0.025899824686348404 32.500000000000007 26.500000000000004 0.028254488483071254 28.500000000000004 0.047655701637268004 0.031227177008986456 0.030803618021309351 27.500000000000004 26.500000000000004 0.11094892770051952 0.086331203579902607 0.045823385939002002 0.044116195291280712 0.030803618021309351 0.096791818737983662 0.10336397960782047 0.092513274401426315 32.500000000000007 0.012459357269108252 0.0099660870619118023 0.018607353791594453
decision_type=2 2 2 2 2 2 2 2 2 2 2 2 2 2 2 2 2 2 2 2 2 2 2 2 2 2 2 2 2 2
left_child=5 8 -3 -4 -5 6 -1 -6 9 10 -2 -10 16 14 15 -14 17 -13 19 20 21 22 -19 25 -25 -21 -8 28 -28 -29
right_child=1 2 3 4 7 -7 26 -9 11 -11 -12 12 13 -15 -16 -17 -18 18 -20 23 -22 -23 -24 24 -26 -27 27 29 -30 -31
leaf_value=0.083542193843518964 -0.073125778187155488 -0.055720520740982916 0.080317703249604466 -0.013227011445095678 0.0030905786175239322 0.10172758124683282 0.027303491649653223 0.073725010128237428 0.045807953393119313 -0.15409217680740939 0.10380886743158738 -0.003537814393100656 0.035945083245346607 0.0059385729038390648 0.047546633916472264 -0.17995160820859069 -0.022733702519884682 -0.066783141084783268 0.074451055526517665 -0.021924169908715999 0.03784744598062556 -0.16708885839379872 0.036344059714620729 0.071589221996128785 -0.10829762973598465 -0.12734599817923528 -0.015647353423566095 0.10303910770216292 -0.41738489839055576 -0.02832709816199629
leaf_weight=5.4311957731842986 2.777046423405408 11.102614082396029 3.5243923887610427 221.3358706291765 54.438866790384054 3.5289912410080424 58.882113944739103 3.2505366001278153 8.6309944968670589 1.1427375003695486 1.2993496060371397 163.98418715968728 2.9387815445661571 84.762976139783859 17.791186224669218 1.0388594754040243 25.8147690333426 1.7417867444455604 6.3441502861678591 3.1034076362848264 22.331218723207712 1.4627695158123959 7.2979161851108074 2.8760302253067493 1.8551293760538099 2.9580131620168686 0.84650557860731968 2.0997328404337168 0.57701702602207661 3.0217846222221851
leaf_count=291 46 102 51 2397 930 213 1863 90 255 18 38 2691 91 1728 540 15 379 38 121 51 508 26 168 52 31 38 36 76 24 86
internal_value=0 -0.0027852 -0.00972337 -0.00791594 -0.00903043 0.0308801 0.0273517 0.00707051 0.0028719 -0.046804 -0.0167279 0.00360237 0.00255046 0.0119023 0.0351237 -0.0204417 -0.00160465 0.000944686 0.0156546 0.00710436 0.0228327 -0.00909296 0.0164733 -0.040745 0.001054 -0.0733707 0.0226872 -0.0188429 -0.178489 0.0255308
internal_weight=0 653.804 293.652 282.55 279.025 74.3873 70.8583 57.6894 360.151 5.21913 4.0764 354.932 346.301 106.532 21.7688 3.97764 239.769 213.955 49.9704 43.6263 32.8337 10.5025 9.0397 10.7926 4.73116 6.06142 65.4272 6.54504 1.42352 5.12152
internal_count=12993 10404 3570 3468 3417 2589 2376 1020 6834 102 84 6732 6477 2374 646 106 4103 3724 1033 912 740 232 206 172 83 89 2085 222 60 162
is_linear=0
shrinkage=0.1


end of trees

feature_importances:
0=367
qp=143

parameters:
[boosting: gbdt]
[objective: binary]
[metric: rmse]
[tree_learner: serial]
[device_type: cpu]
[data: ]
[valid: ]
[num_iterations: 100000]
[learning_rate: 0.1]
[num_leaves: 31]
[num_threads: 32]
[deterministic: 0]
[force_col_wise: 0]
[force_row_wise: 0]
[histogram_pool_size: -1]
[max_depth: -1]
[min_data_in_leaf: 20]
[min_sum_hessian_in_leaf: 0.001]
[bagging_fraction: 1]
[pos_bagging_fraction: 1]
[neg_bagging_fraction: 1]
[bagging_freq: 0]
[bagging_seed: 3]
[feature_fraction: 1]
[feature_fraction_bynode: 1]
[feature_fraction_seed: 2]
[extra_trees: 0]
[extra_seed: 6]
[early_stopping_round: 1500]
[first_metric_only: 0]
[max_delta_step: 0]
[lambda_l1: 0]
[lambda_l2: 0]
[linear_lambda: 0]
[min_gain_to_split: 0]
[drop_rate: 0.1]
[max_drop: 50]
[skip_drop: 0.5]
[xgboost_dart_mode: 0]
[uniform_drop: 0]
[drop_seed: 4]
[top_rate: 0.2]
[other_rate: 0.1]
[min_data_per_group: 100]
[max_cat_threshold: 32]
[cat_l2: 10]
[cat_smooth: 10]
[max_cat_to_onehot: 4]
[top_k: 20]
[monotone_constraints: ]
[monotone_constraints_method: basic]
[monotone_penalty: 0]
[feature_contri: ]
[forcedsplits_filename: ]
[refit_decay_rate: 0.9]
[cegb_tradeoff: 1]
[cegb_penalty_split: 0]
[cegb_penalty_feature_lazy: ]
[cegb_penalty_feature_coupled: ]
[path_smooth: 0]
[interaction_constraints: ]
[verbosity: 0]
[saved_feature_importance_type: 0]
[linear_tree: 0]
[max_bin: 255]
[max_bin_by_feature: ]
[min_data_in_bin: 3]
[bin_construct_sample_cnt: 200000]
[data_random_seed: 1]
[is_enable_sparse: 1]
[enable_bundle: 1]
[use_missing: 1]
[zero_as_missing: 0]
[feature_pre_filter: 1]
[pre_partition: 0]
[two_round: 0]
[header: 0]
[label_column: ]
[weight_column: ]
[group_column: ]
[ignore_column: ]
[categorical_feature: ]
[forcedbins_filename: ]
[precise_float_parser: 0]
[objective_seed: 5]
[num_class: 1]
[is_unbalance: 0]
[scale_pos_weight: 1]
[sigmoid: 1]
[boost_from_average: 1]
[reg_sqrt: 0]
[alpha: 0.9]
[fair_c: 1]
[poisson_max_delta_step: 0.7]
[tweedie_variance_power: 1.5]
[lambdarank_truncation_level: 30]
[lambdarank_norm: 1]
[label_gain: ]
[eval_at: ]
[multi_error_top_k: 1]
[auc_mu_weights: ]
[num_machines: 1]
[local_listen_port: 12400]
[time_out: 120]
[machine_list_filename: ]
[machines: ]
[gpu_platform_id: -1]
[gpu_device_id: -1]
[gpu_use_dp: 0]
[num_gpu: 1]

end of parameters

pandas_categorical:[]
