tree
version=v3
num_class=1
num_tree_per_iteration=1
label_index=0
max_feature_idx=1
objective=binary sigmoid:1
feature_names=qp 0
feature_infos=[23:46] [0.00032436629408030002:0.92849719524383545]
tree_sizes=3232 3386 3413 3401 3408 3417 3411

Tree=0
num_leaves=31
num_cat=0
split_feature=1 1 1 0 0 1 1 1 1 1 0 1 1 1 0 0 1 0 0 0 1 0 0 1 1 1 1 1 1 1
split_gain=119.052 23.0797 8.51255 22.3963 13.0629 15.5692 8.41308 8.19564 7.78596 6.40482 11.3117 6.35948 6.56224 10.9274 6.13804 5.74466 5.37599 4.96106 4.4399 6.58195 4.38947 21.1706 12.2613 16.3825 8.53857 4.32181 5.43942 4.21595 4.0568 3.7628
threshold=0.12588309496641156 0.022497769445180855 0.32457174360752106 24.500000000000004 24.500000000000004 0.15074348449707028 0.05633575841784471 0.85893487930297863 0.05695117637515066 0.22764340043067932 28.500000000000004 0.63467153906822216 0.56878286600112926 0.58639127016067516 27.500000000000004 30.500000000000004 0.12857061624526978 24.500000000000004 26.500000000000004 28.500000000000004 0.17567567527294156 30.500000000000004 28.500000000000004 0.19146951287984848 0.20488099008798596 0.13865209370851517 0.14482490718364713 0.14313169568777082 0.29229588806629186 0.14029787480831149
decision_type=2 2 2 2 2 2 2 2 2 2 2 2 2 2 2 2 2 2 2 2 2 2 2 2 2 2 2 2 2 2
left_child=1 -1 4 11 -2 16 15 -5 -8 14 -11 12 -4 -14 -7 17 18 -3 -6 -20 21 -16 24 -24 -22 -18 27 29 -12 -27
right_child=2 6 3 7 5 9 8 -9 -10 10 28 -13 13 -15 20 -17 25 -19 19 -21 22 -23 23 -25 -26 26 -28 -29 -30 -31
leaf_value=3.08896686696492 2.966527348146629 3.008150777357558 2.8951613342410241 3.0237097367356216 3.0200265706455602 2.8885778734210255 2.8407818002152254 2.7915387314156828 3.0144685932678752 2.8643241032396753 3.0403209294797642 2.9738801623541975 2.4868882791091793 2.8725627878801783 2.9595444955552983 3.0092561001094715 3.0310904003013088 3.0645434406308003 2.6152363863309009 2.9443340971558269 2.7101684182996295 2.5165070730834227 2.624211778444308 2.9412294017706864 2.3313896107444023 2.8086924730996072 3.0258396049769538 2.7486543772058711 2.8867419977614652 2.9919666605646982
leaf_weight=65.273872576653957 60.412094481289387 18.861898351460695 15.440647099167114 43.440887611359358 1.125411596149209 21.787968501448631 2.6109549030661574 1.5755762346088875 224.54212166368961 14.720383677631618 7.2926671430468542 8.1479799561202508 1.1254115961492055 2.1157738007605076 5.356959197670224 37.138582672923803 11.569231208413841 90.212993547320366 1.2154445238411429 1.2154445238411424 1.7556420899927601 1.3504939153790472 2.4759055115282536 4.7717451676726341 0.90032927691936482 1.6656091623008231 4.8167616315186024 1.6656091623008249 2.2508231922984123 3.4212512522935867
leaf_count=1450 1342 419 343 965 25 484 58 35 4988 327 162 181 25 47 119 825 257 2004 27 27 39 30 55 106 20 37 107 37 50 76
internal_value=3.00392 3.03411 2.94418 2.97248 2.93061 2.90633 3.02452 3.01558 3.01247 2.87908 2.9193 2.90016 2.86801 2.73865 2.85367 3.04323 2.97028 3.05479 2.85581 2.77979 2.80788 2.87034 2.76557 2.83293 2.58177 2.98787 2.94465 2.88674 3.0041 2.93196
internal_weight=0 438.64 221.616 71.8463 149.77 89.3577 373.367 45.0165 227.153 62.6629 24.2639 26.8298 18.6818 3.24119 38.399 146.213 26.6948 109.075 3.5563 2.43089 16.6111 6.70745 9.90362 7.24765 2.65597 23.1385 11.5692 6.75247 9.54349 5.08686
internal_count=14667 9744 4923 1596 3327 1985 8294 1000 5046 1392 539 596 415 72 853 3248 593 2423 79 54 369 149 220 161 59 514 257 150 212 113
is_linear=0
shrinkage=1


Tree=1
num_leaves=31
num_cat=0
split_feature=1 1 1 1 0 0 1 1 0 0 1 1 0 0 1 0 1 1 1 1 1 0 0 1 1 1 1 1 1 1
split_gain=92.4717 21.3172 7.28862 6.26905 7.6095 7.15909 8.79895 5.46115 5.10412 4.49572 4.05303 5.36992 9.4915 5.01411 4.98665 3.50426 3.3838 3.30895 4.4566 3.05679 7.37591 9.92909 3.86725 3.01472 5.5027 3.27932 4.54733 2.95503 2.92086 2.91242
threshold=0.12588309496641156 0.022497769445180855 0.05633575841784471 0.45915061235427856 24.500000000000004 34.500000000000007 0.76516187191009533 0.05695117637515066 30.500000000000004 28.500000000000004 0.15074348449707028 0.21557586640119553 27.500000000000004 32.500000000000007 0.12857061624526978 28.500000000000004 0.20806393772363663 0.031443351879715857 0.040181944146752309 0.19146951287984848 0.17848896980285647 30.500000000000004 28.500000000000004 0.089349977672100053 0.096009936183691011 0.097889594733715016 0.09860397502779962 0.10341412201523777 0.12198973074555396 0.21168789267539978
decision_type=2 2 2 2 2 2 2 2 2 2 2 2 2 2 2 2 2 2 2 2 2 2 2 2 2 2 2 2 2 2
left_child=1 -1 8 10 -5 6 -6 -4 9 -3 14 12 29 -13 -2 -8 19 -10 -19 20 21 -14 -21 -9 -25 -26 -27 -28 -29 -12
right_child=3 2 7 4 5 -7 15 23 17 -11 11 13 16 -15 -16 -17 -18 18 -20 22 -22 -23 -24 24 25 26 27 28 -30 -31
leaf_value=0.083037715927471778 -0.11724063206984983 0.031101936836520863 -0.12573565714244758 -0.06719871403587567 0.053987451945490074 -0.2182246767739093 -0.1626231689276823 0.01923144483213127 0.047487435046536075 0.073500244613126153 -0.058504592696664109 -0.053912455126735426 -0.046816446638734383 0.073709509708859991 -0.017808961705237197 0.031357349161575045 -0.27854890745082594 -0.065316977926711622 0.020434507119936957 -0.19108007239864994 -0.27836339619810585 -0.28971286083869247 0.02131240800143076 -0.049764063009743773 0.085573279295472648 -0.12709968718415315 0.050772248416988436 -0.013512989177989371 0.053350102556135405 -0.17862228339580313
leaf_weight=60.41683591902256 5.8295790813863269 62.460081852972507 3.0227962285280219 17.937264505773783 21.621793191879995 1.2380576878786076 2.9835779927670947 131.89264713227749 12.185483038425444 41.710420448333025 45.165087942034006 77.878922887146473 6.5663800984621101 3.2052280195057383 37.420456867665052 1.3538692556321619 1.8181319385766972 10.572698518633844 14.201463688164948 1.3393347561359399 3.6323028393089762 2.2629093825817108 2.3818692192435265 20.689042687416077 5.1722606718540183 2.5861303359270087 12.930651679635046 41.378085374832153 7.7583910077810279 2.1129894219338885
leaf_count=1450 116 1444 58 362 489 28 61 2958 272 979 940 1638 135 72 812 29 34 236 317 21 59 33 50 464 116 58 290 928 174 44
internal_value=0 0.0280005 0.0189292 -0.0501336 -0.0166386 0.016707 0.0279115 0.00777199 0.0367507 0.0480784 -0.0581065 -0.0660541 -0.0874017 -0.0488676 -0.0312111 -0.102075 -0.149198 0.00482365 -0.0161611 -0.134666 -0.158415 -0.10907 -0.0551318 0.00958653 -0.00446748 0.00895373 0.00282416 0.00823766 -0.00295566 -0.063873
internal_weight=0 426.977 366.56 234.748 45.1346 27.1973 25.9592 225.43 141.13 104.171 189.613 146.363 65.279 81.0842 43.25 4.33745 18.0009 36.9596 24.7742 16.1828 12.4616 8.82929 3.7212 222.407 90.5146 69.8255 64.6533 62.0671 49.1365 47.2781
internal_count=14667 9744 8294 4923 969 607 579 5046 3248 2423 3954 3026 1316 1710 928 90 332 825 553 298 227 168 71 4988 2030 1566 1450 1392 1102 984
is_linear=0
shrinkage=0.1


Tree=2
num_leaves=31
num_cat=0
split_feature=1 1 1 1 0 0 0 1 1 1 0 1 0 1 1 1 1 1 1 0 1 1 1 1 1 1 1 1 1 1
split_gain=73.4092 14.7352 11.2507 5.81205 13.3078 10.4869 4.99974 4.45604 3.78052 3.63726 4.43665 3.49821 3.4254 3.37719 3.43153 2.92238 2.8797 3.31892 2.668 2.59596 2.58865 2.48527 2.28324 2.7891 3.77697 3.43872 2.29652 3.99209 2.21799 2.77248
threshold=0.089349977672100053 0.022497769445180855 0.13865209370851517 0.32457174360752106 24.500000000000004 24.500000000000004 32.500000000000007 0.76516187191009533 0.63467153906822216 0.055218825116753557 24.500000000000004 0.027049962431192304 34.500000000000007 0.096009936183691011 0.097889594733715016 0.34994837641716009 0.09860397502779962 0.10341412201523777 0.28480347990989691 28.500000000000004 0.031443351879715857 0.041378194466233205 0.20488099008798596 0.18482529371976852 0.17848896980285647 0.18802654743194583 0.17037297040224073 0.17331980168819427 0.094172362238168716 0.090141788125038105
decision_type=2 2 2 2 2 2 2 2 2 2 2 2 2 2 2 2 2 2 2 2 2 2 2 2 2 2 2 2 2 2
left_child=1 -1 13 5 8 18 9 12 15 10 11 -3 -6 28 -15 -5 -16 -18 22 -9 -8 -12 23 24 26 -25 -4 -28 29 -2
right_child=2 6 3 4 7 -7 20 19 -10 -11 21 -13 -14 14 16 -17 17 -19 -20 -21 -22 -23 -24 25 -26 -27 27 -29 -30 -31
leaf_value=0.080973785910576149 -0.11664121633235823 -0.12009036787851818 -0.016550296796804611 -0.010501134609015391 0.029021719861271739 -0.078916541531042189 0.038870002306516875 -0.12562758730867704 -0.018212232545793093 0.018212208505806449 0.037076129304524717 0.014073796175993797 -0.11019510166453005 0.083604791606188916 -0.10134241188864529 -0.11072902175034582 0.04797326785674591 -0.0080158606227225364 -0.093199626917690126 0.034891621244034825 -0.027840438906499357 0.070252492153146204 0.0087758632272987632 -0.24889159825344784 0.1054583542794668 -0.058857147903134725 -0.26499841427767107 -0.030375794191483792 -0.09815798430322642 -0.0057418241575658419
leaf_weight=55.990663543343544 2.7051546424627366 2.2234334014356163 18.044086541980516 3.4383046478033128 38.249556619673967 88.029890663921833 7.5948527902364722 3.4466324821114531 8.8940700814127904 128.12804533168674 50.401658188551664 15.433243609964846 1.8529926575720299 4.7847033143043509 2.8997459486126891 18.900968980044127 12.347640693187712 74.267719365656376 5.0344108939170829 1.4236524589359758 24.846696708351374 40.904520764946938 20.680879939347506 1.1288275606930245 2.2576551213860503 6.0858529359102249 1.0797481015324586 2.2085756622254848 5.4103092849254599 13.52577321231365
leaf_count=1450 58 51 373 66 871 1649 177 61 181 2914 1218 354 37 116 58 349 290 1624 103 31 552 998 420 23 46 124 22 45 116 290
internal_value=0 0.0342933 -0.0323054 -0.0455528 -0.0232057 -0.0573341 0.0245963 0.0116194 -0.0733502 0.0296343 0.0430654 -0.00282095 0.022589 -0.00708176 0.00109432 -0.0953026 -0.00331598 -3.42089e-05 -0.0237195 -0.0787056 -0.0122229 0.0519389 -0.0169256 -0.0341803 -0.0175398 -0.0885904 -0.030557 -0.107416 -0.0427083 -0.0242251
internal_weight=0 325.523 336.697 220.756 76.2062 144.55 269.532 44.9728 31.2333 237.091 108.963 17.6567 40.1025 115.941 94.2998 22.3393 89.5151 86.6154 56.52 4.87028 32.4415 91.3062 51.4856 30.8047 23.5901 7.21468 21.3324 3.28832 21.6412 16.2309
internal_count=14667 7714 6953 4401 1596 2805 6264 1000 596 5535 2621 405 908 2552 2088 415 1972 1914 1156 92 729 2216 1053 633 486 147 440 67 464 348
is_linear=0
shrinkage=0.1


Tree=3
num_leaves=31
num_cat=0
split_feature=1 1 1 1 0 1 0 0 1 0 1 0 1 1 1 1 1 1 1 1 0 1 1 1 0 1 1 1 1 1
split_gain=59.4784 13.6844 8.36341 4.58313 4.48275 4.26551 5.86653 4.25377 3.53712 4.34284 2.96366 2.89134 2.84747 4.2328 2.94564 2.7019 2.67285 2.59668 3.01691 2.58368 2.6689 9.99685 5.56452 2.25938 2.19596 2.69715 3.3454 2.3576 3.0898 2.35352
threshold=0.089349977672100053 0.022497769445180855 0.13865209370851517 0.45915061235427856 24.500000000000004 0.76516187191009533 34.500000000000007 30.500000000000004 0.053893119096755961 24.500000000000004 0.031443351879715857 37.000000000000007 0.50489121675491344 0.58639127016067516 0.56878286600112926 0.025695838965475504 0.034881334751844358 0.096009936183691011 0.097889594733715016 0.44253499805927282 24.500000000000004 0.32457174360752106 0.34994837641716009 0.028519572690129256 34.500000000000007 0.044491158798336962 0.069064836949110017 0.047472620382904958 0.049549980089068406 0.055869871750473907
decision_type=2 2 2 2 2 2 2 2 2 2 2 2 2 2 2 2 2 2 2 2 2 2 2 2 2 2 2 2 2 2
left_child=1 -1 17 11 12 6 -6 8 9 15 23 19 -5 14 -14 -3 -12 -2 -19 20 22 -22 -4 -9 27 -26 -27 -18 -29 -30
right_child=2 7 3 4 5 -7 -8 10 -10 -11 16 -13 13 -15 -16 -17 24 18 -20 -21 21 -23 -24 -25 25 26 -28 28 29 -31
leaf_value=0.078846787735134663 -0.036773698843633171 -0.11708579891082116 -0.02003215849785895 0.041683304287649603 0.049604440401096496 -0.065544971670022892 -0.15289903052533682 0.010146183988377099 0.018059252399024801 0.055104554831947129 -0.081330408952336009 0.10786522688269558 -0.07772758532338031 -0.029440491706348611 -0.23063657702249465 0.012557745482315053 0.055334174056118471 0.081577879721213942 -0.0029430894585339854 -0.14219530530820382 -0.068093660965374822 0.017465954313843457 -0.10661671373154454 0.10452848242862839 -0.1127601666025102 0.031221541786706358 -0.1292932396248837 -0.17470666375933136 0.074875791664135077 -0.019898404285129356
leaf_weight=51.960287801921368 22.507633179426193 1.7978846095502401 61.281770296394825 3.0805995538830784 20.047271791845567 5.2245739586651316 1.5405275300145138 7.4167548045515996 123.44034075737 71.272698659449816 5.3593387119472018 1.2088669687509526 3.2549731135368374 11.82669861987233 2.0553594455122948 15.185570377856491 8.0572768710553664 4.4315338581800452 89.798899833112955 2.824652921408414 93.230723340064287 15.999616086483 8.4453416951000673 3.8544832020998001 3.6700989156961423 5.4184401407837868 1.7076293453574178 1.0736279711127306 3.3506497442722312 12.019559897482393
leaf_count=1450 464 37 1222 53 489 92 26 179 2864 1839 113 20 56 228 25 351 179 116 1972 57 1631 355 147 93 78 119 38 25 78 271
internal_value=0 0.0319426 -0.0280572 -0.0391209 -0.0112773 0.0155318 0.0351536 0.0226978 0.0289891 0.0442761 -0.00295007 -0.0462769 -0.0468312 -0.0627428 -0.136911 -0.00116644 -0.0155287 -0.00625726 0.00103182 -0.0473019 -0.0458041 -0.0555612 -0.0305193 0.0424226 -0.00553778 -0.0431129 -0.00724283 0.0110193 -0.0106944 0.000762025
internal_weight=0 315.585 346.759 230.021 47.03 26.8124 21.5878 263.624 211.696 88.2562 51.9279 182.991 20.2176 17.137 5.31033 16.9835 40.6566 116.738 94.2304 181.782 178.957 109.23 69.7271 11.2712 35.2973 10.7962 7.12607 24.5011 16.4438 15.3702
internal_count=14667 7714 6953 4401 969 607 515 6264 5091 2227 1173 3432 362 309 81 388 901 2552 2088 3412 3355 1986 1369 272 788 235 157 553 374 349
is_linear=0
shrinkage=0.1


Tree=4
num_leaves=31
num_cat=0
split_feature=1 1 1 0 1 0 1 0 0 1 0 0 1 1 1 0 1 1 0 1 1 0 1 1 1 1 1 1 1 1
split_gain=48.4067 12.6296 6.28374 3.56908 3.54808 3.81648 3.14163 3.86174 2.77598 2.64832 4.78345 3.55631 2.44806 2.13405 2.13118 2.23728 2.12989 2.58979 5.15048 2.27564 7.89737 6.11531 2.46641 2.12051 2.95491 2.11746 2.0891 3.50678 2.06176 3.70591
threshold=0.089349977672100053 0.022497769445180855 0.13865209370851517 30.500000000000004 0.21557586640119553 27.500000000000004 0.053893119096755961 24.500000000000004 28.500000000000004 0.17567567527294156 30.500000000000004 30.500000000000004 0.031443351879715857 0.028519572690129256 0.090141788125038105 26.500000000000004 0.85893487930297863 0.45915061235427856 24.500000000000004 0.24455978721380231 0.24984114617109296 26.500000000000004 0.26039828360080719 0.20806393772363663 0.19146951287984848 0.039543934166431406 0.50489121675491344 0.63467153906822216 0.15234291553497312 0.14833322167396543
decision_type=2 2 2 2 2 2 2 2 2 2 2 2 2 2 2 2 2 2 2 2 2 2 2 2 2 2 2 2 2 2
left_child=1 -1 14 6 5 -4 7 -3 16 11 23 28 13 -5 15 -2 17 19 26 21 -21 -6 -22 24 -11 -14 -19 -28 29 -7
right_child=2 3 4 12 8 9 -8 -9 -10 10 -12 -13 25 -15 -16 -17 -18 18 -20 20 22 -23 -24 -25 -26 -27 27 -29 -30 -31
leaf_value=0.076653722507865854 -0.18154848060921158 -0.00097478682006318571 -0.035924786659289588 0.0092213584223018921 0.031600865505694242 -0.013840468167156079 0.016537724919779073 0.052321400315229763 0.0037033141719852933 -0.1645067202084497 0.020964599082206714 -0.12751064895680067 -0.051535051249419178 0.10407902807586247 -0.0033561796879446148 -0.01080900793941752 -0.11128769369316156 0.038992263476929731 0.040648001737040432 -0.22633119999315673 0.025921114836133213 -0.096429324740042829 -0.048101370570779088 -0.22954696477933467 -0.049676520623283267 -4.4515797404746112e-05 -0.095651279241312309 -0.00465567008918735 0.020800831099195623 -0.21637717077025612
leaf_weight=48.292915150523186 1.3910081461071961 17.008791860193014 71.045290000736713 7.3483075797557813 12.125199109315874 3.3248331546783465 121.42773476615548 67.744751054793596 29.492907017469406 5.4584043174982053 2.2807986810803405 4.200775980949401 10.823039200156925 3.5019735358655453 114.3062501475215 1.7120100259780882 3.1968773603439322 2.9698364846408394 14.064841810613869 2.4065653197467318 4.9747959300875655 5.3887699618935576 47.293241374194622 2.0596925020217887 3.8017681092023849 30.474010847508907 8.8131956979632395 8.1530519574880582 5.8484828285872936 1.2404723390936849
leaf_count=1450 26 388 1299 179 235 59 2864 1839 623 65 33 53 219 93 2494 32 50 53 341 45 90 84 871 26 59 682 128 159 105 23
internal_value=0 0.0297142 -0.0245092 0.0209391 -0.0338438 -0.0482819 0.0268504 0.0416256 -0.0235245 -0.0793969 -0.111155 -0.0498419 -0.00243309 0.0398371 -0.00557599 -0.0873474 -0.0308657 -0.0284445 -0.00568935 -0.0391623 -0.0492111 -0.00779199 -0.041056 -0.137775 -0.117363 -0.013539 -0.0383802 -0.0519238 -0.0185114 -0.0688732
internal_weight=0 306.622 355.549 258.329 238.14 99.2605 206.181 84.7535 138.879 28.2152 13.6007 14.6146 52.1473 10.8503 117.409 3.10302 109.386 106.189 34.0009 72.1886 54.6746 17.514 52.268 11.3199 9.26017 41.2971 19.9361 16.9662 10.4138 4.56531
internal_count=14667 7714 6953 6264 4401 1722 5091 2227 2679 423 183 240 1173 272 2552 58 2056 2006 681 1325 1006 319 961 150 124 901 340 287 187 82
is_linear=0
shrinkage=0.1


Tree=5
num_leaves=31
num_cat=0
split_feature=1 1 1 0 0 1 1 1 0 0 1 1 0 1 1 1 0 1 1 1 1 1 1 1 1 1 1 0 1 1
split_gain=39.3901 11.6073 4.86531 3.10607 2.72811 2.77676 2.66017 2.73012 3.86661 3.07611 5.20358 2.5534 3.11209 2.53483 2.52313 2.50142 2.29559 2.2484 2.43875 2.18295 2.3173 2.10639 2.23874 2.04676 2.0031 1.96374 1.98254 1.96126 1.82836 1.75542
threshold=0.089349977672100053 0.022497769445180855 0.12588309496641156 32.500000000000007 37.000000000000007 0.12857061624526978 0.13865209370851517 0.22344222664833066 34.500000000000007 24.500000000000004 0.21993740648031232 0.055218825116753557 24.500000000000004 0.096009936183691011 0.041378194466233205 0.21557586640119553 28.500000000000004 0.097889594733715016 0.09860397502779962 0.10251896083354946 0.12198973074555396 0.05695117637515066 0.05633575841784471 0.20806393772363663 0.038433354347944211 0.027049962431192304 0.033217990770935957 33.500000000000007 0.047472620382904958 0.094172362238168716
decision_type=2 2 2 2 2 2 2 2 2 2 2 2 2 2 2 2 2 2 2 2 2 2 2 2 2 2 2 2 2 2
left_child=1 -1 13 11 5 -4 -7 8 9 -8 15 12 25 27 24 23 -9 -15 -19 -20 -21 22 -13 -11 -14 -3 -27 29 -16 -2
right_child=2 3 4 -5 -6 6 7 16 -10 10 -12 21 14 17 28 -17 -18 18 19 20 -22 -23 -24 -25 -26 26 -28 -29 -30 -31
leaf_value=0.074393267757832809 -0.01971397630899346 -0.08132863339981522 -0.093572824421454689 -0.009241574379184948 0.10727095389238242 0.0089451737604754385 -0.017758784931997767 -0.027314820077153149 -0.22002478030627215 -0.046540480564127712 -0.2185984844939971 0.0071342447502071001 0.037573297223008395 0.079576011371953248 0.090461605347290558 0.060247874604378471 0.0049099911074052061 -0.081829083656317955 0.051894744361219027 -0.0087960073515086605 0.051301747858749969 0.017141345196699322 -0.10891121106831732 -0.11370945182550901 -0.019743325746184509 0.076714397067797757 -0.0085366534379398736 0.10570605586594664 0.044380899060461158 -0.083518257832752574
leaf_weight=44.95798833668232 16.752944901585586 2.6707010343670872 6.4953079856932154 33.225938871502876 1.4775515198707569 18.717730991542339 39.615379109978676 106.83786984160542 1.2054998651146878 59.598560430109501 1.8414527401328076 4.1179963387548915 37.601543135941029 4.1227484196424475 15.018504306674002 2.0614736638963214 27.873613074421883 3.1909016296267501 9.5094757378101331 44.811001308262348 7.4881717711687079 115.51017427444458 2.7879362069070339 4.910351648926734 7.2774420455098143 3.5776378959417334 11.484514839947222 1.018840730190276 20.180100090801716 5.806565321981906
leaf_count=1450 334 51 115 729 26 405 754 1958 14 934 30 105 1017 116 429 30 594 58 232 986 174 2759 50 63 201 84 270 20 569 110
internal_value=0 0.0275654 -0.0214664 0.019259 -0.028239 -0.0289829 -0.0273856 -0.0301733 -0.0419215 -0.039934 -0.0527751 0.0235589 0.0356051 -0.00169438 0.0439991 -0.0481881 -0.0206471 0.00796347 0.00342128 0.00782237 -0.000191238 0.013934 -0.0397135 -0.0516533 0.028279 -0.00230011 0.0117126 -0.0300073 0.0640426 -0.0361365
internal_weight=0 298.41 363.335 253.452 270.635 269.157 262.662 243.944 109.233 108.027 68.4118 220.227 97.8104 92.7006 80.0776 66.5704 134.711 69.1223 64.9996 61.8086 52.2992 122.416 6.90593 64.5089 44.879 17.7329 15.0622 23.5784 35.1986 22.5595
internal_count=14667 7714 6953 6264 4923 4897 4782 4377 1825 1811 1057 5535 2621 2030 2216 1027 2552 1566 1450 1392 1160 2914 155 997 1218 405 354 464 998 444
is_linear=0
shrinkage=0.1


Tree=6
num_leaves=31
num_cat=0
split_feature=1 1 1 0 1 0 1 0 1 1 1 0 1 1 1 1 0 1 0 1 1 1 1 1 1 1 0 1 1 1
split_gain=32.1372 10.6865 3.76715 2.70566 2.62916 2.79283 3.06651 4.19458 4.3328 2.65112 3.05343 2.32964 2.1544 2.00422 1.99507 1.99085 3.09991 3.77169 2.76254 3.96256 2.16845 1.99919 1.97219 1.84526 1.87527 1.95961 1.82992 1.79126 1.78771 2.37648
threshold=0.089349977672100053 0.021263974718749502 0.12588309496641156 30.500000000000004 0.053893119096755961 28.500000000000004 0.040758024901151609 27.500000000000004 0.040181944146752309 0.036777252331376055 0.032593632116913761 37.000000000000007 0.031443351879715857 0.096009936183691011 0.097889594733715016 0.45915061235427856 34.500000000000007 0.50489121675491344 24.500000000000004 0.6565416455268861 0.63467153906822216 0.42597758769989019 0.028519572690129256 0.09860397502779962 0.10251896083354946 0.12198973074555396 26.500000000000004 0.5271509885787965 0.12857061624526978 0.13865209370851517
decision_type=2 2 2 2 2 2 2 2 2 2 2 2 2 2 2 2 2 2 2 2 2 2 2 2 2 2 2 2 2 2
left_child=1 -1 13 4 5 6 7 8 26 10 -9 15 22 -2 -15 21 17 -17 20 27 -19 28 -5 -16 -25 -26 -3 -20 -4 -30
right_child=2 3 11 12 -6 -7 -8 9 -10 -11 -12 -13 -14 14 23 16 -18 18 19 -21 -22 -23 -24 24 25 -27 -28 -29 29 -31
leaf_value=0.074554523043777729 -0.026173925273953982 0.0058252842716227729 -0.077259268531501724 0.011069996487085761 0.013875485324671139 0.06108530935486 0.051844829378727558 -0.12876525452893237 -0.18452136711353959 -0.25824908428624532 0.10377141058001481 0.10654144094925865 -0.012642650718788548 0.077421947248477355 -0.068256715731054393 0.063833007670893491 -0.14445773662678518 -0.074641873958195035 -0.047506194217887369 -0.028619542942227311 -0.0078236899968942477 -0.084966776691021928 0.10363312429414967 0.049107478710454844 -0.0078502164466303977 0.04850698703468545 0.064589456371441673 0.078538775621447482 0.0081195925905779686 -0.029316115876584333
leaf_weight=38.572969246655703 24.228211119771004 17.226078033447276 7.0470999889075747 8.5888330526649934 118.03553080931306 30.625677425414324 21.125429350882769 1.7205937486141918 1.0390649773180474 0.82841002196073521 0.84054261445999134 1.3456305116415013 41.586721044033766 3.8289766013622275 3.428739793598651 7.2806329391896716 1.5863811597228039 9.7646224275231379 1.3182456940412537 11.142220713198183 9.663512144237755 6.2691108882427207 3.1445827372372142 9.067802280187605 45.168776661157608 7.1458758786320677 7.6536022499203673 7.7910255640745163 18.567118242383003 195.60299027338624
leaf_count=1334 464 432 115 225 2864 931 592 50 27 23 24 26 901 116 58 165 24 128 34 232 181 114 93 232 986 174 218 201 405 3298
internal_value=0 0.025532 -0.0188798 0.0180406 0.0233985 0.0372655 0.022801 0.00186618 0.015547 -0.102747 -0.0524487 -0.0247164 -0.00196558 -0.00144719 0.00728071 -0.0253563 -0.00697241 -0.00232796 -0.0144675 0.0113763 -0.0414067 -0.0292795 0.0358771 0.00313684 0.00712479 -0.000152152 0.0239026 0.0602982 -0.0277014 -0.0260707
internal_weight=0 290.988 370.247 252.415 199.095 81.0594 50.4337 29.3083 25.9187 3.38955 2.56114 277.379 53.3201 92.8684 68.6402 276.033 48.5466 46.9603 39.6796 20.2515 19.4281 227.486 11.7334 64.8112 61.3825 52.3147 24.8797 9.10927 221.217 214.17
internal_count=14667 7714 6953 6380 5161 2297 1366 774 677 97 74 4923 1219 2030 1566 4897 965 941 776 467 309 3932 318 1450 1392 1160 650 235 3818 3703
is_linear=0
shrinkage=0.1


end of trees

feature_importances:
0=155
qp=55

parameters:
[boosting: gbdt]
[objective: binary]
[metric: rmse]
[tree_learner: serial]
[device_type: cpu]
[data: ]
[valid: ]
[num_iterations: 100000]
[learning_rate: 0.1]
[num_leaves: 31]
[num_threads: 32]
[deterministic: 0]
[force_col_wise: 0]
[force_row_wise: 0]
[histogram_pool_size: -1]
[max_depth: -1]
[min_data_in_leaf: 20]
[min_sum_hessian_in_leaf: 0.001]
[bagging_fraction: 1]
[pos_bagging_fraction: 1]
[neg_bagging_fraction: 1]
[bagging_freq: 0]
[bagging_seed: 3]
[feature_fraction: 1]
[feature_fraction_bynode: 1]
[feature_fraction_seed: 2]
[extra_trees: 0]
[extra_seed: 6]
[early_stopping_round: 1500]
[first_metric_only: 0]
[max_delta_step: 0]
[lambda_l1: 0]
[lambda_l2: 0]
[linear_lambda: 0]
[min_gain_to_split: 0]
[drop_rate: 0.1]
[max_drop: 50]
[skip_drop: 0.5]
[xgboost_dart_mode: 0]
[uniform_drop: 0]
[drop_seed: 4]
[top_rate: 0.2]
[other_rate: 0.1]
[min_data_per_group: 100]
[max_cat_threshold: 32]
[cat_l2: 10]
[cat_smooth: 10]
[max_cat_to_onehot: 4]
[top_k: 20]
[monotone_constraints: ]
[monotone_constraints_method: basic]
[monotone_penalty: 0]
[feature_contri: ]
[forcedsplits_filename: ]
[refit_decay_rate: 0.9]
[cegb_tradeoff: 1]
[cegb_penalty_split: 0]
[cegb_penalty_feature_lazy: ]
[cegb_penalty_feature_coupled: ]
[path_smooth: 0]
[interaction_constraints: ]
[verbosity: 0]
[saved_feature_importance_type: 0]
[linear_tree: 0]
[max_bin: 255]
[max_bin_by_feature: ]
[min_data_in_bin: 3]
[bin_construct_sample_cnt: 200000]
[data_random_seed: 1]
[is_enable_sparse: 1]
[enable_bundle: 1]
[use_missing: 1]
[zero_as_missing: 0]
[feature_pre_filter: 1]
[pre_partition: 0]
[two_round: 0]
[header: 0]
[label_column: ]
[weight_column: ]
[group_column: ]
[ignore_column: ]
[categorical_feature: ]
[forcedbins_filename: ]
[precise_float_parser: 0]
[objective_seed: 5]
[num_class: 1]
[is_unbalance: 0]
[scale_pos_weight: 1]
[sigmoid: 1]
[boost_from_average: 1]
[reg_sqrt: 0]
[alpha: 0.9]
[fair_c: 1]
[poisson_max_delta_step: 0.7]
[tweedie_variance_power: 1.5]
[lambdarank_truncation_level: 30]
[lambdarank_norm: 1]
[label_gain: ]
[eval_at: ]
[multi_error_top_k: 1]
[auc_mu_weights: ]
[num_machines: 1]
[local_listen_port: 12400]
[time_out: 120]
[machine_list_filename: ]
[machines: ]
[gpu_platform_id: -1]
[gpu_device_id: -1]
[gpu_use_dp: 0]
[num_gpu: 1]

end of parameters

pandas_categorical:[]
